3.870583333333022,3.4249833333330315,3.729749999999674,3.4425749999996835,3.294624999999685,3.972974999999687,4.5581166666663435,3.933624999999678,0.26,0.21,0.24,0.21,0.2,0.27,0.33,0.27,
4.359883333333008,4.300883333332975,3.5139333333330582,3.317699999999709,4.17235833333302,4.480824999999651,3.6811249999996813,3.6033833333330225,0.31,0.3,0.23,0.2,0.29,0.31,0.24,0.23,
3.9579333333330293,3.7548999999997013,4.567733333332976,4.128641666666374,4.023258333333039,3.751824999999688,2.8528916666664235,3.1904166666664238,0.26,0.24,0.33,0.28,0.28,0.25,0.16,0.19,
3.8765833333330075,3.3720583333331025,3.4783083333330733,4.052924999999706,3.9441916666663417,3.3428999999997164,3.3021499999997217,3.3355083333330486,0.26,0.21,0.22,0.28,0.26,0.2,0.2,0.21,
3.9633416666663406,5.186024999999677,3.6063999999996863,3.603941666666363,3.288899999999769,4.03670833333302,3.529291666666378,3.955133333333029,0.26,0.38,0.23,0.23,0.2,0.28,0.22,0.26,
3.974083333332995,3.7697583333330407,3.4866749999997246,3.5884666666663687,3.85426666666635,3.778783333333058,4.362833333333004,3.189158333333038,0.27,0.25,0.22,0.23,0.25,0.25,0.31,0.19,
4.462891666666345,3.6311499999997316,3.52192499999973,3.4511999999996887,3.361941666666411,3.5410499999997005,3.773891666666353,3.3233416666664266,0.32,0.22,0.22,0.21,0.2,0.22,0.25,0.2,
2.74453333333313,4.551349999999686,4.07437499999974,4.600566666666273,4.379199999999655,3.051683333333082,4.52256666666628,3.5144583333330424,0.15,0.32,0.28,0.32,0.3,0.18,0.32,0.22,
3.7028999999997536,4.1188666666663165,3.449933333333043,4.3865749999996355,4.263908333333001,3.9711416666663375,3.5442916666663535,3.6340999999996924,0.24,0.28,0.21,0.31,0.29,0.27,0.23,0.24,
3.625824999999694,3.448958333333061,3.9542333333330144,3.7454166666663467,3.5181083333330783,3.451799999999732,3.254508333333099,3.8076249999996743,0.23,0.21,0.26,0.24,0.22,0.22,0.2,0.25,
4.191958333333016,3.960141666666371,4.109016666666346,3.9683749999996554,3.4332249999996947,4.035383333333,3.2745916666664026,3.874858333333054,0.29,0.26,0.28,0.26,0.21,0.27,0.2,0.25,
4.9033249999996045,3.9608666666663623,3.6841999999997506,4.509199999999641,4.6832416666663415,4.216416666666371,3.9242999999996884,3.5280666666663993,0.35,0.27,0.25,0.32,0.34,0.3,0.26,0.22,
4.3000333333329985,3.8733166666663568,4.10829999999969,3.1443583333330936,3.712883333333025,3.603549999999694,4.164074999999667,4.7121583333329875,0.3,0.26,0.29,0.19,0.24,0.24,0.29,0.34,
2.9148166666664643,4.296224999999634,4.132016666666346,3.784783333333038,3.7712249999997294,3.775283333333022,3.822266666666398,3.4386249999997074,0.16,0.29,0.29,0.25,0.25,0.25,0.26,0.22,
3.914366666666361,3.5161583333330895,4.552749999999656,3.9721166666663272,3.785974999999666,3.7914666666663925,3.2921583333330706,4.136266666666323,0.27,0.22,0.33,0.27,0.25,0.25,0.2,0.29,
4.045008333332995,3.1116749999997415,3.726583333333056,3.3823833333330957,4.326233333333043,4.2384833333330185,3.9198249999997143,4.052333333333011,0.27,0.18,0.24,0.21,0.3,0.28,0.26,0.28,
3.7017583333330517,3.2735083333330435,3.6484499999997024,3.810274999999695,3.219583333333052,2.9468416666664536,3.747558333333097,3.94494166666634,0.24,0.2,0.24,0.25,0.19,0.17,0.24,0.26,
3.4415249999996553,4.176124999999681,3.5219583333329934,4.243899999999661,3.850249999999681,4.184683333333054,4.043283333332983,3.3444249999998035,0.21,0.29,0.22,0.3,0.26,0.29,0.27,0.21,
4.029124999999672,3.956241666666326,4.065408333332992,3.649166666666394,3.547341666666388,3.9878416666663785,4.335999999999691,4.208149999999684,0.27,0.27,0.27,0.24,0.23,0.27,0.3,0.28,
3.851283333333065,3.677908333333046,4.078716666666347,3.4053583333330737,3.8937083333330262,4.01270833333297,3.7636666666664023,4.330474999999654,0.25,0.24,0.28,0.21,0.26,0.27,0.25,0.3,
3.5807666666663653,3.137608333333128,3.444024999999742,3.662974999999773,3.790866666666335,3.435399999999712,4.208491666666324,4.1867499999996705,0.23,0.18,0.21,0.24,0.24,0.22,0.29,0.29,
3.4293999999997338,3.107774999999784,4.227308333333039,4.1983583333330134,3.691191666666379,4.014916666666382,3.8775166666663234,3.47059166666635,0.22,0.18,0.3,0.3,0.24,0.28,0.25,0.21,
3.7532916666663834,4.288899999999691,3.4755999999997202,4.145249999999676,3.0901499999997872,3.833208333333054,3.682074999999681,4.022708333332943,0.25,0.3,0.22,0.28,0.18,0.25,0.24,0.27,
3.8096249999996927,3.989883333333005,3.5581916666664055,3.482716666666386,3.7528833333330813,3.6717749999997222,4.331491666666349,4.456983333333023,0.24,0.27,0.23,0.22,0.25,0.24,0.31,0.3,
4.694658333332976,3.3001083333330414,3.1614666666663975,3.8218083333329935,3.7094749999997543,3.418366666666411,3.6505666666664496,3.285716666666386,0.34,0.2,0.18,0.25,0.25,0.22,0.24,0.2,
4.550816666666335,4.565074999999647,3.5348749999997198,3.3778499999997185,3.558858333333107,2.7090916666664735,3.7988499999996708,3.5722333333330236,0.32,0.32,0.23,0.21,0.23,0.14,0.24,0.22,
4.024324999999669,3.5370916666663743,3.6803333333330075,3.361699999999788,4.598566666666311,4.030658333333008,3.0047999999997574,3.602133333333054,0.28,0.22,0.23,0.21,0.33,0.27,0.17,0.24,
4.0043833333330285,4.090174999999681,4.845858333333028,4.090883333333024,4.224116666666324,4.1224333333329914,3.9927749999996887,3.898916666666367,0.26,0.28,0.35,0.28,0.3,0.29,0.27,0.26,
3.904883333332994,3.878866666666352,3.648416666666387,4.538633333332973,3.2861249999997733,2.9618499999997825,4.368549999999665,4.000766666666353,0.26,0.25,0.24,0.31,0.2,0.17,0.3,0.27,
3.313033333333055,4.089699999999675,3.747333333333022,3.4100249999997687,3.6687333333330305,3.8008249999997084,3.354958333333027,3.7956333333330763,0.2,0.28,0.25,0.21,0.25,0.25,0.21,0.25,
3.2797333333330467,4.716966666666309,4.274716666666331,3.3384999999997524,3.880574999999729,3.408841666666406,3.5875166666664047,4.359124999999656,0.19,0.34,0.3,0.21,0.26,0.21,0.24,0.29,
3.707441666666379,4.810233333332938,3.0045499999997434,3.62277499999969,3.811441666666293,3.5380999999997256,4.841966666666291,3.2075999999996934,0.24,0.35,0.18,0.24,0.25,0.22,0.35,0.19,
3.4836166666663924,3.798766666666367,3.8526666666663645,3.4933499999997135,3.82265833333301,4.530466666666321,3.7644416666663814,4.005424999999636,0.22,0.25,0.25,0.22,0.26,0.32,0.24,0.28,
3.359866666666414,3.2159916666664365,3.437358333333064,3.4696833333330286,4.099674999999649,3.645599999999728,4.069666666666364,4.099391666666291,0.21,0.19,0.22,0.22,0.28,0.24,0.28,0.27,
4.152991666666331,4.0320166666663395,3.0859083333331028,3.7530083333330104,3.4729666666663728,3.8301333333329963,3.793149999999682,4.425591666666276,0.29,0.27,0.18,0.25,0.21,0.25,0.24,0.31,
3.4059833333330527,3.230466666666437,3.6138583333330563,4.0593833333330025,3.592324999999672,3.3070249999997263,3.076566666666406,3.612524999999722,0.22,0.2,0.24,0.27,0.23,0.2,0.18,0.23,
4.613566666666298,3.940274999999731,3.8314333333330612,4.1192666666663245,3.9608333333330394,3.3498749999997672,4.078333333333005,3.4994833333330813,0.34,0.27,0.26,0.28,0.27,0.21,0.28,0.22,
3.350749999999708,3.854474999999673,3.391424999999735,4.350966666666356,3.1772249999997246,4.208891666666301,3.6396833333330125,3.19901666666645,0.21,0.26,0.2,0.31,0.19,0.29,0.23,0.19,
3.1629249999997278,3.5500666666663507,3.2197333333330813,3.6598416666663875,3.257241666666415,4.5883499999996324,4.430258333332981,3.6843999999996924,0.19,0.24,0.2,0.24,0.19,0.32,0.31,0.24,
3.5953166666664087,3.6894833333330466,4.103666666666332,3.9959583333330637,3.6716666666663804,4.8443333333329575,3.5103666666664095,4.358124999999655,0.23,0.24,0.28,0.27,0.24,0.35,0.23,0.3,
3.6848583333330653,3.8524249999996982,3.176333333333072,3.551483333333033,2.8810166666664374,3.5027999999997106,3.5353499999997307,3.666683333333043,0.24,0.25,0.19,0.23,0.17,0.23,0.23,0.23,
3.7760083333330545,3.729458333333059,3.4827249999997174,3.4644083333330595,3.712283333333102,3.381608333333016,4.016133333333053,4.256633333333003,0.25,0.24,0.22,0.22,0.25,0.21,0.27,0.3,
2.939449999999823,4.205666666666336,3.1382749999997133,4.224433333333014,3.6479416666663567,4.006599999999677,3.6637916666664125,3.8768416666663166,0.17,0.29,0.18,0.29,0.23,0.27,0.23,0.26,
4.134966666666355,3.6683499999997182,3.9590916666663505,4.563716666666334,3.261308333333106,3.4761333333330673,4.018474999999676,3.224949999999717,0.28,0.24,0.27,0.33,0.2,0.22,0.27,0.19,
4.542149999999677,4.194758333333005,3.808299999999669,4.021424999999691,2.954833333333101,3.3631416666664364,3.3105666666664173,3.324533333333053,0.32,0.29,0.25,0.27,0.17,0.21,0.2,0.2,
3.6885916666664116,4.720174999999649,3.663966666666363,3.6390166666664174,3.8240499999997013,4.448641666666354,3.2492416666664057,3.45271666666634,0.24,0.34,0.24,0.23,0.25,0.31,0.19,0.22,
3.4530166666664264,3.200833333333094,3.7972499999996887,4.16059999999972,4.239341666666363,3.3601166666664053,3.6132666666663495,3.598699999999721,0.22,0.2,0.25,0.28,0.3,0.21,0.23,0.23,
2.8265833333331307,3.889066666666329,4.056724999999676,3.6008249999997095,3.3893083333330583,3.5057166666663577,3.293991666666409,3.6499666666664017,0.15,0.26,0.28,0.23,0.21,0.23,0.2,0.25,
3.593766666666425,3.801691666666407,3.540141666666398,3.4813416666663866,3.3430416666663922,3.865549999999658,4.062474999999709,3.3051083333330977,0.23,0.26,0.22,0.22,0.21,0.25,0.28,0.21,
3.8740583333330294,3.9289749999997254,4.149024999999651,4.400491666666352,3.794483333333049,4.031324999999651,3.6474333333330815,3.598866666666364,0.26,0.26,0.29,0.31,0.25,0.28,0.24,0.23,
3.730283333332993,3.7163416666663562,3.35177499999973,3.569608333333061,3.3690499999997563,3.4374916666663613,3.803883333332995,4.069116666666347,0.25,0.24,0.21,0.23,0.21,0.21,0.24,0.27,
3.2944583333330315,3.652466666666372,4.269208333333,4.409099999999649,3.303049999999741,3.8829583333330095,3.644183333333073,4.363199999999687,0.21,0.23,0.29,0.31,0.2,0.26,0.24,0.31,
3.8924499999997146,3.723499999999699,3.803749999999709,3.861316666666387,3.5612583333330137,4.24887499999966,3.833633333333004,3.085274999999736,0.26,0.24,0.25,0.25,0.22,0.29,0.25,0.18,
3.570174999999655,3.7810499999996914,4.207774999999664,3.871433333333066,3.6434249999997323,3.3200166666664046,3.9062999999997117,3.8480666666664,0.23,0.25,0.28,0.25,0.24,0.2,0.26,0.25,
4.14311666666635,3.2494416666664394,3.497541666666432,4.008933333333032,3.7192416666663863,4.402083333333005,4.1275416666663185,3.1205999999997407,0.29,0.2,0.22,0.27,0.25,0.31,0.29,0.19,
3.160224999999705,4.593266666666345,3.645666666666408,4.3771083333330205,3.2456083333330787,4.247541666666332,3.3748499999997374,4.33949166666631,0.18,0.33,0.24,0.3,0.2,0.29,0.21,0.31,
3.1321416666664046,4.200058333332946,3.6242749999997232,3.4352333333330862,3.1187166666664385,4.259791666666323,4.095683333332989,4.701816666666284,0.18,0.29,0.24,0.22,0.18,0.3,0.28,0.34,
3.8032833333329976,4.311416666666345,4.1110416666664,4.23731666666634,4.855908333332992,3.5465249999996793,3.2282666666663715,4.556124999999643,0.24,0.3,0.28,0.29,0.35,0.22,0.19,0.32,
4.158416666666318,4.523591666666333,3.7465749999997247,3.971949999999662,5.402091666666466,4.852399999999668,3.689591666666429,3.012333333333155,0.29,0.32,0.25,0.27,0.41,0.36,0.25,0.18,
3.949191666666336,3.3449916666663784,3.3377583333330683,4.161983333332995,3.5649416666664075,3.6840916666664048,4.185058333333001,3.852449999999669,0.26,0.2,0.21,0.29,0.23,0.25,0.28,0.25,
4.029574999999692,3.7841416666663474,3.233258333333079,4.155249999999671,4.0497249999997225,4.067449999999688,3.5544249999997093,3.454099999999751,0.28,0.25,0.2,0.29,0.28,0.27,0.23,0.22,
4.61135833333295,3.990216666666373,3.380383333333063,4.270458333333071,4.65824999999966,3.857199999999648,4.232574999999649,4.086674999999679,0.32,0.27,0.21,0.3,0.33,0.26,0.29,0.27,
4.778666666666302,4.274141666666315,4.490541666666339,3.3981749999997146,3.766208333333087,4.104874999999703,3.318724999999714,3.4882833333330514,0.34,0.3,0.32,0.21,0.25,0.28,0.2,0.21,
3.7022749999997058,3.694766666666373,3.282908333333093,3.2992916666663956,3.9290916666663454,3.6255499999997185,3.5454416666663713,3.7701749999996963,0.23,0.24,0.2,0.2,0.27,0.23,0.22,0.24,
4.261166666666304,4.452466666666338,3.6158166666663925,3.1611249999997724,3.547066666666422,3.7021666666663724,2.7286916666664855,3.678641666666377,0.3,0.32,0.23,0.19,0.23,0.24,0.15,0.24,
3.25352499999975,3.608924999999688,3.5582666666663894,3.728174999999668,5.095199999999651,3.3297083333330755,4.335316666666304,4.57808333333298,0.21,0.23,0.23,0.25,0.38,0.21,0.3,0.33,
3.4492583333330757,3.6066083333330266,4.388741666666312,4.030349999999699,3.2989666666663844,3.479691666666409,3.7585083333330185,4.347658333332989,0.22,0.22,0.31,0.28,0.2,0.23,0.25,0.31,
4.0229833333330145,3.558574999999706,3.715516666666381,4.188141666666353,3.241174999999758,3.8280833333330575,3.5493666666663204,2.8845166666664737,0.27,0.23,0.24,0.29,0.2,0.25,0.23,0.16,
3.580333333333036,2.825083333333101,4.056599999999673,3.730774999999738,3.7499833333330357,3.5175166666663937,3.795766666666355,3.951558333333029,0.23,0.16,0.28,0.25,0.24,0.22,0.25,0.27,
3.582224999999701,3.3474999999997403,4.125199999999702,3.407891666666344,4.1256999999997,3.53296666666642,3.687799999999723,3.7265666666663533,0.23,0.21,0.28,0.21,0.28,0.23,0.24,0.24,
3.278333333333087,3.4326666666663828,4.433133333332993,2.925074999999783,4.1549749999996495,4.200024999999713,3.704083333333051,3.9800416666663416,0.2,0.21,0.31,0.17,0.29,0.29,0.24,0.27,
3.9877083333330177,4.02791666666632,3.8197833333330533,4.410083333332993,3.9294583333330326,3.5013166666664106,3.659333333332998,4.410508333332995,0.27,0.26,0.25,0.3,0.26,0.22,0.23,0.31,
3.5337416666663883,3.6744916666663703,2.879666666666443,3.968141666666366,3.6439166666663856,3.0121583333330992,4.557983333332985,3.661891666666362,0.23,0.24,0.16,0.26,0.24,0.17,0.32,0.23,
4.0328749999996845,3.588874999999722,3.1814249999997566,3.6138416666663584,3.7025583333330236,3.56575833333301,3.7124499999996576,2.880024999999752,0.27,0.23,0.19,0.23,0.24,0.23,0.24,0.16,
4.078533333333023,3.7257166666663726,3.5148499999996985,3.555408333333074,3.2568833333330947,4.161049999999696,3.2682749999997487,3.8776666666663635,0.28,0.24,0.23,0.23,0.2,0.28,0.2,0.26,
3.303024999999769,3.08089999999979,2.973916666666416,3.438674999999737,3.3825916666663973,3.8279499999996927,4.514316666666292,3.426074999999764,0.2,0.19,0.17,0.21,0.22,0.25,0.32,0.22,
3.4690666666663788,4.467933333333011,3.9651749999996917,3.2408416666664346,4.414424999999678,4.149766666666299,4.009316666666347,3.546958333333074,0.21,0.32,0.26,0.2,0.31,0.28,0.28,0.23,
3.434374999999737,2.9342666666664394,4.795466666666363,4.158716666666372,3.6486166666663893,3.3398166666663593,2.903566666666446,4.097383333332976,0.21,0.17,0.35,0.29,0.23,0.2,0.16,0.28,
3.725216666666367,3.9133416666663403,3.21827499999971,3.881366666666377,3.6505999999997156,3.1595499999997054,3.968016666666383,3.828908333333049,0.24,0.26,0.19,0.26,0.24,0.19,0.27,0.26,
4.314399999999693,3.6243749999996955,3.6350416666663783,3.038008333333085,4.131058333332974,3.774224999999687,3.4802749999997515,4.259508333333032,0.31,0.23,0.24,0.18,0.27,0.25,0.21,0.3,
3.7667166666663716,3.6388916666663933,3.400083333333065,3.384474999999779,3.8437916666663665,3.68348333333306,3.0879333333331425,3.4240749999997324,0.25,0.24,0.21,0.2,0.26,0.24,0.19,0.21,
3.5946666666664133,3.8032833333330482,3.4609416666664248,3.7203583333330426,2.7740583333331044,3.4132666666664035,3.3158166666663567,3.8224416666663377,0.23,0.25,0.22,0.23,0.16,0.21,0.2,0.25,
3.524399999999696,3.3678583333330403,3.657883333333055,4.187099999999673,4.234641666666322,4.014983333332982,3.1583583333330356,4.567358333332975,0.23,0.21,0.24,0.29,0.29,0.27,0.2,0.33,
4.108249999999727,3.7978916666663984,3.072349999999774,4.117766666666361,3.477574999999722,5.034966666666308,3.5308083333330154,4.4089916666663145,0.29,0.26,0.18,0.28,0.22,0.37,0.22,0.3,
3.748874999999675,4.231666666666302,3.868791666666378,3.266566666666426,3.675274999999727,4.1473916666664,4.149958333333003,3.374091666666415,0.25,0.29,0.26,0.2,0.23,0.29,0.29,0.21,
3.4995833333330735,4.5435249999996445,4.022583333333059,4.147124999999719,3.473116666666463,4.502958333333016,3.4898499999997163,3.1695416666664293,0.22,0.33,0.27,0.28,0.22,0.31,0.22,0.19,
3.574441666666437,4.022241666666329,3.5950083333330434,3.033324999999757,4.002899999999675,4.099266666666319,3.4328249999997227,4.457741666666286,0.23,0.27,0.23,0.18,0.27,0.28,0.22,0.31,
3.767458333333072,3.9909833333330225,3.5181416666663585,3.263708333333068,3.7250999999997396,4.541516666666272,3.848058333333003,3.97883333333301,0.25,0.27,0.23,0.19,0.24,0.32,0.25,0.27,
4.106641666666354,4.067258333332971,4.387916666666328,4.142766666666346,3.9795166666663566,3.6954916666664035,3.979949999999678,4.321408333333014,0.29,0.27,0.31,0.28,0.27,0.24,0.27,0.3,
3.6192499999997225,4.153916666666328,3.9423666666663943,4.077899999999625,3.531849999999726,4.660733333332985,3.3982499999997056,3.840866666666388,0.23,0.28,0.26,0.28,0.23,0.33,0.22,0.26,
5.413241666666334,4.519099999999611,2.8488916666664306,3.8363249999997255,3.6636333333330438,3.166883333333085,3.3810333333330767,3.7795916666663554,0.41,0.32,0.16,0.26,0.23,0.19,0.21,0.25,
3.716024999999684,3.992974999999739,4.955341666666325,4.0514916666662995,4.438299999999639,3.146316666666443,4.675324999999656,4.073741666666411,0.24,0.27,0.37,0.28,0.31,0.19,0.33,0.28,
3.5335166666664333,4.335424999999648,3.173666666666401,4.238316666666318,4.406483333332995,3.7306999999997457,4.00809166666634,4.447741666666326,0.23,0.29,0.19,0.3,0.31,0.25,0.28,0.32,
3.7287416666664113,4.092616666666355,3.856816666666363,3.6054083333330205,4.046424999999674,4.321933333332999,3.6025916666664113,3.7634666666663508,0.24,0.28,0.25,0.23,0.27,0.3,0.24,0.24,
3.938841666666369,3.3482499999997084,3.425958333333094,3.9060833333330134,4.21889166666632,3.4625916666663574,4.339116666666351,4.243341666666367,0.26,0.21,0.21,0.26,0.29,0.21,0.31,0.3,
4.551841666666314,3.4422666666663946,3.3544999999997094,4.074183333332959,3.8441416666663795,4.053799999999711,3.8639749999996615,3.4118583333330594,0.32,0.21,0.21,0.27,0.24,0.27,0.26,0.21,
4.449424999999638,3.7547999999997486,4.204908333332956,4.315241666666348,4.41707499999971,4.07119999999965,3.6189583333330044,3.4903583333330896,0.32,0.24,0.29,0.3,0.31,0.27,0.23,0.22,
3.6508249999996885,2.9061166666664544,4.044008333333039,3.277024999999722,3.1595166666663896,3.879366666666419,4.049583333333044,3.538624999999735,0.24,0.17,0.28,0.2,0.18,0.26,0.27,0.23,
3.404799999999698,4.480474999999669,3.9074833333329475,3.4709666666663805,3.5130749999996813,4.458941666666275,3.3723249999997535,4.169683333333005,0.21,0.31,0.26,0.22,0.22,0.31,0.21,0.28,
2.90460833333313,3.4219249999997188,4.027191666666323,3.450674999999726,3.365483333333122,3.533941666666384,3.559649999999703,3.6436166666663534,0.16,0.22,0.28,0.22,0.21,0.22,0.23,0.24,
2.945641666666404,3.3749166666663712,4.022799999999688,4.1169749999997,4.3674666666663375,3.406591666666388,4.194666666666325,4.436258333333036,0.16,0.2,0.28,0.28,0.31,0.22,0.29,0.32,
3.0425666666664517,3.895774999999681,4.039641666666366,3.2725666666664024,2.8633333333331232,3.9306749999996873,3.439049999999757,3.9195666666663316,0.18,0.26,0.28,0.2,0.17,0.26,0.22,0.26,
4.313883333333025,4.227749999999663,3.6909749999997103,4.028616666666337,3.3398083333330413,4.032333333333053,3.3159333333330925,3.3976833333330405,0.3,0.29,0.24,0.27,0.21,0.28,0.2,0.22,
2.8853416666664717,3.1983499999997296,3.7042249999997563,3.56819166666641,3.6667583333330835,4.124474999999652,4.062308333333032,4.2548999999996395,0.17,0.19,0.24,0.23,0.24,0.27,0.28,0.29,
3.3709583333330553,3.3151833333330534,3.707633333333011,3.3058166666664137,3.3005499999997334,3.6049666666663573,3.61546666666635,3.762433333333042,0.2,0.2,0.24,0.2,0.21,0.22,0.23,0.24,
3.499116666666389,4.0176666666663445,4.191774999999667,3.808024999999694,4.389824999999663,3.8642749999996995,3.265966666666417,3.7879249999997113,0.22,0.27,0.29,0.25,0.31,0.26,0.2,0.25,
3.342333333333032,4.028774999999672,4.092058333333011,4.197333333333027,4.344174999999627,2.938849999999793,4.439649999999674,4.018108333332986,0.21,0.27,0.29,0.29,0.29,0.17,0.32,0.27,
4.561483333333013,4.305358333332976,3.50014166666638,3.983774999999666,3.4603999999997495,3.815258333333054,4.557674999999687,4.35837499999961,0.32,0.3,0.22,0.28,0.23,0.25,0.32,0.3,
4.2482249999996515,3.475208333333091,4.122158333333032,3.8959833333330294,3.907583333333047,3.511874999999747,3.8578833333330174,3.994016666666362,0.3,0.22,0.28,0.26,0.27,0.23,0.26,0.27,
4.173549999999688,3.8698916666663883,4.061016666666339,3.23120833333306,3.536724999999708,3.957791666666322,3.9193916666663973,2.955974999999757,0.29,0.26,0.28,0.19,0.22,0.27,0.26,0.18,
4.275541666666331,4.199324999999631,3.9903333333330058,3.4579416666663874,4.288066666666339,3.9733583333330142,3.2532999999997303,4.084216666666399,0.28,0.28,0.27,0.22,0.3,0.26,0.19,0.28,
4.120124999999639,3.553341666666355,3.8192499999996863,3.9803249999996604,4.5214749999996675,4.55185833333299,3.7614166666663453,3.519766666666409,0.28,0.23,0.25,0.27,0.31,0.32,0.25,0.22,
4.402766666666358,4.166824999999669,3.60590833333306,3.595099999999736,4.844149999999652,4.2614749999997,3.288699999999777,4.091574999999654,0.31,0.28,0.23,0.24,0.35,0.3,0.2,0.28,
4.7107999999996695,4.23058333333304,3.213958333333074,3.7194083333330554,2.942841666666417,3.0752749999997673,4.331974999999692,3.506583333333049,0.34,0.29,0.19,0.25,0.17,0.18,0.3,0.22,
3.387466666666412,3.5950749999997123,4.4113249999996444,4.376466666666326,4.214049999999709,3.5147833333330643,3.470608333333071,3.7572583333330143,0.21,0.23,0.31,0.3,0.29,0.22,0.21,0.25,
4.064991666666345,3.2094833333331096,3.354308333333084,3.7512583333330025,3.562549999999681,3.6936249999997,4.184374999999624,3.6805999999996737,0.28,0.19,0.21,0.24,0.23,0.24,0.29,0.24,
3.666233333333027,3.8984749999997077,3.8126749999996763,3.2825583333330672,3.988408333332986,3.8476749999997093,4.12837499999964,3.267183333333068,0.23,0.26,0.25,0.2,0.27,0.25,0.28,0.2,
4.01359166666633,3.465608333333066,3.6872416666663814,2.617766666666491,4.4612583333329585,4.3117416666663395,3.4634749999997463,4.468924999999659,0.27,0.21,0.24,0.14,0.32,0.31,0.22,0.31,
3.532474999999704,3.8670833333330115,3.690524999999684,4.179549999999683,3.609758333333102,4.428174999999692,3.9193666666663853,4.545333333332975,0.23,0.26,0.24,0.29,0.24,0.32,0.26,0.32,
4.031016666666345,3.654624999999715,3.5290416666663713,4.398516666666309,4.2853249999996565,3.2452249999997194,3.6042583333330582,3.5106166666664036,0.27,0.24,0.22,0.31,0.29,0.19,0.24,0.23,
3.9102166666663845,3.642191666666398,3.43513333333309,3.867599999999692,3.046141666666447,3.97709999999969,3.6677583333330137,4.721833333332972,0.26,0.23,0.22,0.26,0.18,0.27,0.24,0.34,
2.6330916666664756,4.4379916666663215,3.5920749999996566,3.63246666666637,3.175658333333086,3.5052333333330434,3.8745833333330064,3.9181999999996835,0.15,0.31,0.23,0.24,0.19,0.23,0.25,0.27,
4.152599999999649,3.6242416666663773,3.616049999999747,3.3866249999997495,3.54379999999972,4.131333333333002,3.1172333333330187,4.057199999999697,0.28,0.23,0.24,0.21,0.22,0.28,0.19,0.27,
3.5230083333330464,3.7413416666663584,2.9372499999998003,3.5397583333330105,3.8848916666663444,3.894733333333004,3.739516666666413,3.466924999999728,0.22,0.26,0.16,0.22,0.26,0.26,0.25,0.22,
3.142533333333054,3.6363333333330536,3.8139499999997373,4.601283333332973,3.690224999999736,3.4241583333331316,4.244924999999701,3.749216666666356,0.18,0.23,0.25,0.33,0.24,0.21,0.29,0.24,
3.8831166666663153,4.660416666666321,3.776724999999721,4.065324999999663,4.715933333333014,3.4057083333330382,4.404616666666345,3.6936249999997197,0.25,0.34,0.25,0.28,0.34,0.22,0.31,0.23,
4.030241666666361,3.587791666666319,3.753758333333037,3.656433333333031,3.8023583333330326,3.1465583333330485,3.5485833333330437,3.2456666666663967,0.26,0.22,0.25,0.24,0.25,0.19,0.23,0.2,
4.522833333332988,3.400591666666391,3.787249999999733,4.1899583333330375,3.232016666666377,3.991558333333028,3.0644833333331656,3.555224999999725,0.32,0.21,0.26,0.28,0.19,0.26,0.19,0.23,
3.662024999999731,3.697691666666342,3.698899999999772,3.617708333333029,3.3392999999997297,3.2248416666664315,4.209933333333035,3.068666666666432,0.24,0.24,0.24,0.23,0.21,0.19,0.29,0.19,
3.3847666666663967,3.6294833333330727,3.2066499999997973,3.6554249999996715,4.287591666666293,4.520383333332959,3.648341666666379,3.970666666666389,0.2,0.24,0.2,0.24,0.29,0.32,0.24,0.27,
3.621533333333027,3.5081833333330423,3.9235833333330588,4.078299999999678,4.308274999999663,4.327466666666365,3.6428749999997128,2.8143666666664826,0.24,0.22,0.26,0.27,0.3,0.3,0.24,0.15,
3.6179916666663514,4.439824999999653,3.5750999999997286,3.223199999999747,3.49661666666636,4.140541666666341,4.134266666666277,3.995074999999683,0.24,0.31,0.23,0.2,0.22,0.28,0.28,0.26,
3.8526833333330486,4.040574999999655,3.4226249999997287,4.206274999999672,4.449683333332963,3.39866666666638,3.8846416666663264,2.70237499999977,0.25,0.27,0.21,0.29,0.31,0.21,0.26,0.14,
3.8052499999997047,3.7896999999997205,3.895899999999676,3.8890499999997536,3.964408333333024,3.6665333333330064,4.0554166666663525,3.769974999999677,0.25,0.25,0.26,0.27,0.27,0.23,0.27,0.25,
4.28724166666634,4.29829999999969,2.96493333333313,3.5822749999996777,2.834549999999819,3.3193999999997823,4.105474999999659,4.45089999999962,0.3,0.29,0.18,0.23,0.16,0.21,0.28,0.32,
3.825466666666368,3.0308833333331013,3.2372833333331026,3.694791666666374,4.110524999999654,3.2922666666664258,3.4944666666663813,4.026858333333028,0.25,0.18,0.2,0.24,0.27,0.2,0.22,0.27,
3.865483333332995,3.3607083333331036,3.7993416666663493,3.661258333333022,4.5376666666663334,3.213558333333063,3.9842749999996863,2.957766666666389,0.25,0.21,0.25,0.24,0.32,0.19,0.26,0.17,
3.1132249999997255,4.125233333332999,4.011824999999655,4.197566666666329,3.5933749999997695,3.3888083333330146,3.9468749999996944,4.063458333333024,0.18,0.29,0.27,0.29,0.23,0.21,0.27,0.28,
