0.015411358,-0.00042797625,0.016266793,0.0070488155,-0.010074452,0.0025560558
-0.0066962764,-0.024809197,-0.011301234,-0.01209287,0.00046708807,-0.004064925
0.008776382,0.007951513,0.010326281,0.0007699728,-0.0015918333,0.009714223
0.0006052144,0.023941994,0.02018337,0.0047266036,-0.0014892593,0.026767872
0.029243827,-0.037607625,-0.017109826,-0.0153815,0.0052761883,-0.00016433
0.033924483,0.008410893,0.014715105,-0.0011621416,0.013044864,0.0064609908
-0.0035410076,-0.04014401,0.025147378,0.03802968,-0.029062748,0.005851865
-0.032585472,-0.0033966303,-0.015854895,0.0019801464,-0.009975612,-0.0022349507
0.016288634,-0.0062767565,0.011277035,0.0074191093,0.0024972707,-0.001269862
-0.0004183352,0.016225569,0.017338395,0.014648147,-0.0077127367,-0.0025383234
-0.004526332,-0.019228801,-0.0007728785,-0.004155487,-0.017613873,0.01269424
-0.013500944,-0.022351107,-0.002364844,0.012124136,-0.015066251,0.011921808
-0.01787521,-0.008456349,-0.0041425005,0.021759838,0.005143881,-0.005272422
-0.0253762,-0.020517409,0.00925957,-0.025807887,-0.00681369,-0.023278564
0.0058285,0.019789591,0.0023655929,0.009232722,0.006276101,-0.0029398203
-0.032385755,-0.07508516,-0.0058959126,0.014133915,-0.003475573,0.0127957165
-0.007705882,0.01963514,-0.008688569,0.017334342,-0.0025045574,0.014597833
-0.0001096949,-0.0019739717,-0.0074008256,0.0016697804,-0.011428848,-0.0041035265
-0.009163916,-0.023588158,-0.015565231,0.005400598,-0.019303799,0.0048520565
0.011079738,0.010098591,0.000644207,0.012328435,0.010320706,-0.016491298
-0.0117169,-0.02433236,0.016852975,-0.0029172823,-0.019842625,-0.0076292306
-0.00094008446,-0.004317332,-0.011599265,0.014489224,-0.022853434,-0.009332001
0.001701057,-0.015153598,-0.005465786,-0.010144055,-0.005355984,-0.00797689
0.020952992,0.005747251,0.016281426,0.007543184,0.01679422,0.018317282
0.0015351325,-0.032039836,0.0076331124,-0.015262259,-0.016185887,-0.015862092
-0.00086057186,-0.02742567,0.026403308,-0.01623915,-0.0033593834,-0.005701095
0.010213427,0.017801993,0.010165721,0.0043986887,-0.025331259,-0.0070242286
-0.019893505,-0.024784982,-0.0036354586,0.006498195,-0.012252487,-0.01684007
-0.010220647,-0.008125231,-0.0039459723,-0.01845418,0.0004382059,-0.020009488
-0.02245465,0.018107962,0.008300692,0.01225134,0.019441599,0.002113685
-0.017336413,0.030138984,-0.008381695,-0.013688803,-0.028743893,-0.005128011
-0.014662176,0.01661098,0.004134625,0.0030679405,-0.005803935,0.022915546
0.0007432103,0.005384341,0.020501181,-0.011639902,-0.023607522,0.0006083846
-8.890033e-05,-0.0013589114,-0.0008121431,0.0071106106,-0.0034686178,-0.006248843
-0.017667174,0.005671248,-0.0014414191,0.0067644417,0.013833553,0.0070331246
-0.011015905,-0.016588284,0.007459745,0.011005715,0.007354632,0.011815056
0.012938926,0.030565202,-0.009338155,-0.0032078028,-0.020558182,-0.007377237
0.0024188757,-0.008086015,-0.0071040215,-0.016309172,-0.010049626,0.008566707
0.01477468,-0.022677792,0.025290698,-0.0153016,-0.00049443543,0.0030147843
-0.01083301,-0.0044621825,0.010658771,0.01143074,-0.012326036,0.012756363
0.0052651614,-0.0036047697,0.01161883,0.0032427907,-0.0015711784,0.0020689843
-0.011874769,-0.002737686,0.016572088,-0.007319968,-0.020176008,0.010233805
-0.01445327,-0.015612766,0.01291129,0.0052095354,0.015252978,-0.011345267
-0.0050535575,0.008604858,0.019316643,-0.0046587884,-0.024564542,0.002997905
-0.00010139495,-0.019120425,0.0069009513,-0.0029077232,-0.005961463,-0.013031527
0.0027347752,0.005868558,-0.009854019,0.019945398,0.0059983656,0.010912657
0.0041345777,-0.032647464,0.016335458,0.0130608305,-0.023260623,-0.0057730153
-0.0066896975,-0.0038732588,0.014980964,0.0058302945,0.006839499,-0.0019885972
0.028201839,0.0118707195,0.0117665455,0.0045264065,0.0019120127,0.018743873
-0.0022859275,0.0023551087,0.018810615,-0.0050884616,-0.0009529479,0.0061137676
0.001244612,0.007992163,-0.012220919,0.0012672693,0.0025702566,0.008945495
-0.011796296,-0.0044004023,0.004270708,-0.005502254,-0.0075529497,-0.011224136
0.0068529397,-0.015281007,0.01824291,-0.009545088,-0.0029853974,-0.021702677
-0.024778306,0.02998121,0.009795472,-0.031331778,-0.023197621,-0.011941752
0.0007556528,0.029419065,0.006414905,0.015140094,0.0055945367,0.002560705
-0.05750659,-0.018819548,0.026915103,-0.0097685605,-0.02893117,0.0066650994
-0.017692976,0.007762594,-0.022317842,0.0145562105,-0.013580471,0.008143842
-0.015184797,-0.04384929,-0.0064312387,-0.02361244,-0.0032426827,-0.0073041767
0.004766248,0.01655075,0.00850416,0.012697786,-0.018855393,-0.0059653223
0.032020025,0.15353167,-0.006540425,-0.0075962543,-0.011315476,-0.005583048
0.018371493,-0.0031217039,0.01235738,0.014688447,0.004262142,0.033672854
-0.005582504,0.007537514,0.013092428,-0.004892503,-0.0022664424,-0.0057451585
-0.0058315173,0.023044437,-0.008860722,-0.0034782141,-0.016766839,-0.015561208
-0.0020908117,0.0012701526,-0.010032952,0.010262907,0.008736454,0.0008352697
-0.0030042306,0.008942932,0.012215525,0.0054535866,-0.013009965,-0.022574455
-0.024981648,0.017454594,-0.0153413415,0.00829462,-0.010509908,-0.011783183
0.0016075596,-0.033603057,0.01624294,-0.021363646,-0.0019356459,-0.032846928
0.006707005,-0.005861962,-0.017363995,-0.00812985,0.00701385,-0.0009227097
0.018776178,0.016342,0.020537823,-0.009065032,-0.015839458,0.010502845
-0.0049863104,-0.0057430714,-0.012072824,0.0048404336,0.0045054555,0.0199382
0.003958404,-0.017983481,0.0017891228,0.0071700364,-5.476177e-07,0.0002850294
-0.0056969896,-0.0007476751,-0.01414074,0.009629179,-0.007554546,-0.0006645918
-0.011887014,-0.017339546,0.0010623336,-0.010269672,-0.00010100007,-0.01030606
0.0037261993,0.01324166,-0.013112098,0.011197403,-0.020027433,-0.010187432
-0.013860151,-0.010429978,-0.0021000877,-0.029319167,0.0025257915,-0.0019261092
0.005910903,0.0020557866,0.028357804,0.01473026,0.0093277395,0.012121946
0.0075793713,0.01718583,-0.01282534,0.021190204,-0.022768807,-0.0073259883
0.010498069,0.003935635,0.015432686,-0.0014037155,0.0026452206,-0.007062763
0.01525711,-0.053660065,0.008405112,-0.018965125,-0.01571515,-0.01925677
0.0047974437,-0.0034353696,0.0110305175,0.012457132,-0.012098722,0.005128905
-0.0045131743,0.0024934635,0.019401338,0.012762181,0.01676254,0.0023154765
0.02404613,-0.0013698488,0.010996006,0.014741793,0.0041625053,0.007676631
-0.0059728622,-0.0220203,0.0032223575,-0.014143243,-0.00631918,-0.009148397
-0.011238039,-0.01162672,0.009802103,0.01537253,-0.0009101927,-0.012153838
-0.0024465173,-0.003415957,-0.011720762,0.013989836,-0.012265727,0.01330737
0.0060594343,-0.010006711,0.005583793,-0.011689745,0.008784436,-0.0067851534
-0.029585076,-0.029665668,-0.023941897,0.008452773,-0.00015753508,0.00073168054
0.021847636,-0.022623092,0.008711427,-0.023151487,-0.00815203,-0.026460111
-0.011387821,-0.0032386184,-0.0016099587,-0.007568136,-0.0105353,-0.01297887
-0.013194367,0.004174039,0.011542898,-0.015105665,-0.0022784472,-0.011597425
0.009367496,-0.01306057,0.0040286332,-0.009902209,-0.0004710257,-0.021762997
0.007026896,0.005945146,0.008182287,-0.007669762,-0.018284954,-0.0061771423
0.0055827443,0.017503709,0.008044153,0.032553446,-0.005577408,-0.009835981
-0.007523805,-0.02136835,0.009468436,-0.012885779,0.0027645528,0.017240793
-0.00093811844,0.027971476,0.011831507,-0.0041304477,-0.018530592,-0.011990756
-0.0031152964,-0.012099437,-0.017550796,-0.0058581643,-0.020941474,-0.00648804
-0.0075133815,-0.019475818,0.021075249,0.0054760575,0.0037923679,-0.023465574
-0.005346,0.0075493455,-0.02141188,-0.0070854723,-0.008989334,0.00037434697
-0.010692626,-0.009698205,0.005408343,-0.0057300106,-0.0026027113,0.005582392
-0.009340405,0.029237717,-0.021450117,0.008092701,-0.016371965,0.011458784
-0.011723772,0.008371487,-0.005050838,-0.0099630505,-0.010981304,-0.01667933
0.022118017,0.021039542,0.013241053,-0.0022002086,0.010278463,0.0030945763
0.027237618,-0.0125098415,0.016150698,-0.003879341,-0.0013671815,-0.0050154217
0.0035490394,0.01599159,0.0036370754,-0.0008197725,-0.001390472,0.011555846
0.012267936,-0.00020224415,0.012596555,0.007828198,0.012337923,-0.00019031018
0.014701188,-0.015917774,0.015703794,-0.003980187,-0.015130907,-0.010325745
-0.009439595,-0.017513096,0.02438572,-0.028670073,0.0076852143,-0.036655724
0.023523748,0.01055003,0.017201863,0.002787456,-0.0074279904,0.001320418
-0.02477137,-0.0132788345,-0.010888474,0.007533405,0.006112337,-0.010683171
-0.00103499,-0.02197665,0.018138647,-0.014859386,0.008087933,-0.009949878
-0.017899722,-0.009200931,-0.03232661,-0.030629247,0.0064703524,-0.009970173
0.002953589,0.0023627877,0.031198926,0.02577418,0.0013212021,-0.019198
-0.015903294,0.012070537,-0.0059269816,-0.001676619,-0.011212952,0.021800965
0.003019765,-0.006076798,0.00077765435,0.019128323,0.005111769,0.026582323
-0.0033974648,0.018984556,-0.0034599304,0.0059748874,-0.0065298975,0.03186345
0.018311642,0.0005515516,-0.004897602,-0.014391616,0.008358866,-0.00032310188
0.012225024,-0.038497835,0.010772448,-0.032504827,-0.00035806745,0.02022916
-0.008292019,-0.0042497776,0.0066960678,0.015086353,-0.0033668801,-0.012436703
0.002656565,-0.00075558573,0.008331269,0.014444381,-0.017658252,-0.017580658
-0.008948794,0.010619462,0.0096980035,0.0106498,-0.0016788468,0.035793275
-0.043822967,0.008512966,0.00014796853,-0.0059164427,0.015347306,0.010506865
0.00089477,0.018999223,0.021805875,0.00284639,0.010540038,0.0016191639
0.0027015656,-0.006412278,0.008409299,-0.0012700073,-0.011611536,0.005516462
-0.0029666126,0.001796484,0.0030323714,0.017422915,-0.008083372,-0.005117953
-0.0051597357,0.02755437,0.023682743,-0.0078641325,0.024540454,-0.00057300925
0.0118225105,-0.010371624,-0.0032693297,0.0029909685,0.016026616,-0.012848303
-0.020579606,0.020797519,-0.020801693,0.0024531186,-0.0220664,0.017646372
-0.0016580671,-0.00322482,0.012280837,-0.0015472397,-0.0044160653,0.007760197
-0.030795157,-0.029132918,0.010473222,-0.0012627393,-0.017757118,3.968738e-05
-0.0044351146,0.021502137,-0.0013135076,0.010803774,-0.006026119,-0.0023313612
0.0017534383,0.009522617,-0.025337711,0.002149433,0.004976049,0.0097344965
0.0038705617,-0.010334745,0.021832034,-0.00033073127,0.012227446,0.010561038
0.035173878,0.00818231,0.019406527,0.0038059205,0.010887876,0.008382762
-0.0066863075,0.01019042,0.023120709,0.012819961,0.009503707,0.010072954
0.0066501945,-0.004358202,-0.02542141,-0.01862828,-0.0015412122,0.0007891059
-0.0023261234,0.01614967,-0.01358147,-0.010006756,0.00049236417,0.0218167
-0.023247808,0.0013590463,-0.0019044876,0.008006338,-0.014540777,0.010103732
-0.0072221905,-0.012411177,0.018285755,0.026948705,-0.011073656,0.016142868
-0.004167646,0.019776683,0.010845527,0.007125132,0.00047740154,0.0021526068
0.0003311038,-0.025130719,0.008334592,-0.0011811256,-0.0030265152,-0.016375944
-0.02168616,-0.012587778,0.0013480484,0.0147929285,-0.0042479783,0.0032977536
0.023139067,-0.023392241,-0.004720822,-0.011609882,-0.001588095,0.012292728
0.012317061,-0.004006786,0.002488166,0.0066706333,-0.010854796,0.0037758253
0.034297183,-0.024290845,0.004726559,0.004026156,-0.0047233477,0.00974682
-0.017006114,0.013578489,0.005257711,0.011856779,0.0053648353,-0.0023920387
-0.019038647,-0.012204111,0.02682732,0.016669005,-0.00016279798,0.01634711
-0.03733048,-0.008748248,-0.012421757,-0.002191566,-0.03080526,0.012176469
-0.009026457,0.015806414,-0.013236507,0.006156288,-0.023794115,-0.010823846
-0.015401751,-0.0020926967,0.016001862,-0.008978605,0.0018677711,-0.00050759315
-0.005080268,0.0035958737,0.020795122,0.00522653,0.009766281,-0.02018848
-0.023112372,-0.011100799,-0.0009044176,0.023263164,-0.0030981302,0.014187589
-0.010422856,-0.011848345,-0.016824797,0.019049257,-0.004199285,0.014416248
-0.019629419,-0.006781772,0.0067757145,-0.017641071,-0.0009568706,-0.006281078
0.016470537,-0.0066281334,0.009948656,0.01905094,0.016604692,0.014331486
0.010586798,-0.0032938272,0.012277987,-0.0032233708,-0.011027008,-0.008244988
0.068324655,-0.03116455,-0.008539766,0.00052662194,-0.02022408,-0.0027982146
0.0024862215,0.0016135424,0.0068251844,0.02636841,-0.029485721,0.0026085973
-0.030245326,0.016848803,-0.0074068913,0.01740846,-4.65326e-05,0.021038562
0.0025480092,-0.0045083687,-0.0040534027,0.0027149469,-0.008993924,0.012310639
-0.015474549,0.013598285,0.019392326,-0.01237544,-0.017719947,-0.027904972
0.0023830235,-0.038441576,-0.007217884,0.00761545,-0.013065703,0.0008530319
0.039033484,0.009135678,0.014755771,0.012686985,0.009983882,-0.014788851
0.0051478446,0.010289881,-0.00974514,0.02262339,-0.012789123,0.005745232
-0.012652971,-0.016541574,-0.0018142015,0.005940318,0.0071241558,0.0037260577
-0.0017927438,-0.00059489906,0.021703452,-0.017979763,0.007147625,-0.007368028
0.028350376,-0.007426694,0.0165942,0.015341945,-0.015340731,-0.011356704
0.0009110123,0.0080458075,0.006454155,0.00056506693,0.00576853,0.01093559
-0.014742799,0.015330043,0.0058989823,0.010564283,-0.026835442,-0.0009721089
0.0058094207,0.005023837,0.0023652911,-0.028873593,-0.005503997,-0.011119679
-0.014270056,-0.0034948438,0.00063265115,-0.016510956,-0.017133713,-0.005994141
0.0036292598,-0.008342087,-0.005452223,0.011361808,-0.0008100569,-0.014386873
-0.030667886,0.016976438,0.009100318,-0.007164184,-0.025860056,-0.0060590953
-0.04657522,0.007598579,0.0052368194,0.0024619717,-0.021751456,-0.0038944632
0.025455084,0.0020229816,0.018763244,-0.00087963045,0.016130999,0.015955701
-0.006760001,0.00515233,0.010755986,0.021881312,0.006330937,0.0058022738
-0.0061323196,-2.308865e-05,-0.014053702,-0.010504819,0.0005621761,-0.0021106899
0.002552271,-0.021110304,0.0012300164,-0.011115279,-0.002261944,-0.018267022
-0.013985395,-0.020253066,0.031185538,-0.0036490858,-0.018129187,-0.0017977059
0.010711983,0.01642558,0.026489407,-0.01939774,-0.011461951,-0.02513522
-0.019130245,0.0021405965,-0.008387506,-0.015172616,-0.0041310787,-0.004643161
-0.0106483735,-0.02194421,0.004811801,-0.011703804,-0.0026894659,0.0047323406
0.008609876,0.0032328367,0.00013290346,0.015695717,-0.019370385,-0.01195698
0.01432202,-0.0018275827,-0.0133367255,-0.00591594,-0.0061937124,-0.017824076
0.027217552,-0.027853146,0.032523155,0.022050418,0.014967024,0.0032447688
0.011956006,-0.012018016,0.017771985,-0.011911698,-0.0060898215,-0.0008452069
0.024146855,-0.026876789,-0.04698801,-0.00629542,-0.009869933,0.009383298
-0.022703558,-0.014859073,0.014854953,-0.00012686849,0.0042122453,0.0071228147
-0.020967305,0.009522624,-0.023051769,0.009651199,-0.019923627,-0.00979735
-0.020450562,-0.013856888,-0.033622086,-0.0016138032,-0.012046859,0.005592093
0.030943573,0.0006374717,0.020898223,-0.013870731,0.0028249323,-0.007167073
0.013541892,0.0100569725,0.004080698,0.030583441,0.022329345,0.006984085
0.0035198033,-0.022685766,0.013152242,-0.02700138,0.019771904,0.0061466396
-0.040492892,0.014505513,0.0029576756,0.008867547,-0.0006172396,0.02512147
-0.004556343,-0.0018672645,0.00033946335,-0.017363489,-0.0034845546,0.001767382
-0.002154721,-0.03618011,-0.0019271076,0.02125755,-0.017547727,-0.0050658584
-0.01723966,-0.01969403,0.015332475,-0.0023334175,-0.011771724,0.00066526234
-0.026722547,0.01836139,-0.01554938,0.022277445,-0.011076197,0.006882325
0.007966027,0.0021653622,-0.0022452325,-0.004882328,-0.008190858,-0.0099102035
-0.014431946,-0.015147656,0.0005140677,-0.004870385,-0.009665566,-0.008983063
-0.00030431896,0.0051902086,0.0017352253,0.028927281,-0.017466579,0.010777965
-0.011814885,-0.0019712038,0.0021881014,-0.009237707,-0.0004312843,-0.018851131
-0.015667796,0.02064979,0.012460697,0.025359593,-0.015222698,-0.0021032281
0.0029511005,-0.0035721213,0.0060646273,0.011144504,-0.005293131,0.0039138463
-0.0048897676,0.009521835,0.014725134,-0.004185453,0.0036939532,-0.008946583
0.018110976,-0.0054485835,0.019107558,0.008984685,-0.007100217,-0.00744991
-0.022424392,-0.0010685027,0.0005775243,-0.011240959,-0.00052571297,-0.020471334
-0.0014669746,0.0042935014,0.005318016,0.011716865,-0.025338694,-0.0041126907
0.042296514,0.011264354,0.0153324455,-0.0019995943,-0.010933161,0.004941702
0.006410703,0.010817884,0.004048288,0.008597165,-0.013840556,0.015182937
-0.025563076,-0.0002681464,0.004333928,0.0041493922,-0.0028013438,0.0067292973
-0.009833738,-0.0053083748,0.011278354,0.00450404,0.005189553,0.0020655394
0.0017530397,-0.015593633,0.0101426095,-0.008434467,0.015215173,-0.006497532
0.0044026,0.0006291047,0.0070020817,0.009386063,-0.008770667,-0.0248065
-0.034446567,0.0010941029,-0.004085239,0.00062468275,-0.006666243,0.003100656
-0.03152539,-0.032341987,-0.023223162,-0.009298656,-0.007598281,-0.00041252375
-0.00036144257,-0.01736015,0.00090792775,-0.013634622,-0.014300369,-0.007160634
0.016414061,-0.014066771,-0.0373056,0.04227069,-0.018346734,0.023241416
0.0012095869,0.004563473,0.018955588,0.02190792,-0.022438675,0.010604851
0.006039329,0.012092266,0.0021851659,-0.0004891604,0.00447293,0.007752076
-0.0195487,0.03195727,-0.029282957,-0.0010565221,-0.0059937984,0.01118473
0.03272003,0.022132657,-0.014570095,-0.0015195012,-0.01717189,-0.00011374615
-0.007177815,-0.007847078,0.0064477026,-0.01198104,0.007192105,-0.018079221
0.025703251,-0.0063726753,-0.02189231,0.008522626,-0.025018513,-0.021376267
-0.0330462,0.03150935,0.0062696263,0.0008762181,0.0038530678,0.0019955635
-0.016238548,-0.0028952658,0.008201861,0.007023413,-0.02436307,0.004483221
-0.010422319,0.03833127,0.0016224999,0.004922688,-0.0026114937,-0.006423801
-0.0045989603,0.009701997,-0.008369749,-0.0030906051,0.008849683,0.007660553
-0.013746798,0.0009730607,-0.025670137,0.021515504,0.0016539246,0.01965192
0.03163268,-0.01618684,0.011984661,-0.0036082715,0.013429016,-0.0140838735
0.0034301355,-0.0019425228,0.01393792,-0.004783213,-0.007870382,-0.029141739
0.010808565,0.0011487901,0.028175738,0.02427962,-0.019989893,0.0014783144
0.0018573254,-0.03746687,-0.012294829,-0.0018418133,-0.014591292,-0.011075452
-0.035757273,-0.00723511,0.014276236,-0.008066967,-0.018719539,-0.0015634969
0.007336095,-0.0042414665,0.016036555,0.0001566112,-0.0020355806,-0.004575383
-0.001795575,-0.02294489,0.008258484,0.003283225,0.00024492294,0.0053337067
-0.016297549,-0.005756855,-0.009611368,-0.007626377,0.014933065,0.00747345
-0.0009815022,0.024750844,-0.016796246,0.013457496,-0.005394254,-0.019470662
0.0044825673,0.0145042045,-0.015670724,0.008439846,0.008522473,-0.013236664
-0.006623648,-0.039939273,-0.015630981,-0.012273185,-0.018038169,-0.0034736544
-0.014011472,-0.010338321,0.015448362,0.024281234,-0.035355657,-0.015140593
-0.035636604,0.04383558,0.011920199,0.0173817,0.004690349,0.014764614
-0.024388105,0.029876634,0.015218079,0.012349024,-0.0028567985,0.031371996
-0.010252997,-0.035157606,-0.015402287,-0.011653885,-0.011788368,0.0061689764
-0.027263582,-0.0027089566,-0.016798317,-0.017555952,-0.005716238,0.013291672
-0.009336717,0.023601726,0.024124503,-0.023722306,0.0003873706,0.018728001
0.0033172872,0.013576658,-0.009241074,0.01836887,-0.013094455,-0.008192092
-0.002630055,0.011912167,-0.00011489447,0.0057197213,-0.005743593,-0.008814143
-0.0037417114,-0.06068281,-0.00041387975,-0.009142131,-0.014420748,-0.0038318783
-0.023747042,-0.019711927,0.016608708,-0.0145894885,0.0013116896,-0.013075218
-0.028146492,-0.024728864,0.0039333403,-0.0029466748,-0.00578255,0.020351797
-0.021240525,-0.010737613,-0.0058119595,0.018463552,-0.0074947625,0.011668175
-0.00868208,-0.026354901,0.018090807,0.015357875,-0.017095663,-0.0060558766
0.0038920045,0.02611968,0.0152439475,0.007259518,0.0021636486,-0.023711532
0.00038366765,-0.013947219,-0.016408967,-0.033362,0.012257464,-0.019901842
-0.009193152,-0.014766419,0.008082215,-0.009348482,0.0063240677,-0.0060435236
0.014225915,0.005875066,0.0055517703,0.0024434365,0.0045480877,-0.009056114
0.02828388,-0.0009408854,-0.006781727,-0.0085772425,0.009960435,-0.009576321
-0.0298793,-0.032936707,-0.028140154,-0.026243024,-0.006211996,-0.0014820993
-0.00087818503,0.025923088,-0.0033706874,0.011239827,-0.009564251,0.016252413
-0.025306538,0.026019856,0.0005183667,0.008632176,-0.0079058185,0.00044053793
-0.028987497,-0.022831023,0.0026210528,-0.019914776,-0.00512141,0.00085755903
0.024104789,0.005096704,-0.041769475,-0.03293816,0.0052666366,0.011347018
0.012280576,-0.020187072,0.01725455,-0.026883617,4.6670437e-05,-0.0062229633
0.01372087,-0.001627028,0.008435123,0.0008866936,-0.0065429956,0.0068288743
-0.010551512,-0.023735277,0.006251365,0.0024050958,-0.015829861,0.006387815
0.014821187,-0.004980359,-0.0011579394,0.007350385,0.012719467,-0.0018001795
0.015867576,-0.0058172047,0.006611405,0.010404624,-0.016149662,-0.0051260935
0.007455537,0.02605611,0.025261357,-0.0041850954,0.0146591365,0.014630437
-0.01973385,-0.0037924051,0.012209713,-0.007473953,0.007745698,-0.0048408657
0.0031419098,-0.030323058,0.030471131,-0.003262177,-0.01350075,-0.013112314
0.011041403,-0.0054630446,0.016719166,-0.014461119,-0.008138068,-0.006063141
-0.0024816692,-0.012174267,-0.008844033,-0.012192987,-0.019398756,0.008392483
0.01580052,0.013215825,-0.0038131922,-0.032795936,-0.014452204,0.018206675
-0.006179847,0.0051000733,-0.010194771,0.00064620376,0.03170626,-0.006487243
0.012087867,-0.007038327,-0.007064428,0.009778976,-0.0051828325,0.0004054755
-0.0023057014,0.0043067783,-0.020742893,0.017822817,-0.00017980486,-0.010179456
0.0053586997,-0.013041094,0.015567213,-0.019714393,0.011714026,0.005866714
0.00044170022,-0.014170453,-0.0022237264,-0.0044993563,-0.014322249,0.010241896
-0.007881865,0.007897139,0.025613368,0.010679513,0.0013081133,0.005057305
-0.0020802468,0.008980066,-0.0013579708,0.0011294782,-0.0052417666,-0.016701862
0.01559902,-0.008621305,0.03028725,0.0044291466,0.01958555,0.010066688
0.023161799,-0.0008070003,0.0099213235,0.013392851,-0.0010059178,0.009247974
-0.002934873,0.0050794184,0.015694574,0.0076518357,-0.0058967024,0.020002475
-0.0068811327,-0.04811138,0.0066719553,-0.0013351142,0.0024786592,-0.0052964985
-0.0002502501,0.008466125,-0.0009787045,0.001141943,-0.012569189,-0.00041748956
-0.029815122,-0.0055347458,0.010926239,0.008606806,-0.02360937,0.0048955474
-0.012038529,-0.020686835,0.005661525,0.025977021,0.0015603006,0.0033314228
-0.0007539701,-0.0009992123,-0.0015989998,0.038203955,-0.0070921807,-0.02373387
0.013408993,-0.021765515,0.0051364154,-0.007316336,-0.00025276095,0.0019690096
-0.002920553,-0.01645714,0.020468622,-0.013016179,0.0041835904,-0.0012908876
0.0054296553,-0.006734669,0.008386418,0.0007411353,0.0044315867,0.00018968433
0.01039378,-0.01548852,-0.00346601,-0.016328879,-0.0046564117,0.017870918
0.0032709688,-0.006127119,-0.0069684237,-0.00075917505,0.0057213157,-0.0033514947
0.0012736768,0.01614096,0.021372736,0.0060926676,0.014708489,0.014805436
-0.017241955,0.004254207,0.014105463,-0.035059005,-0.010792486,-0.033280134
0.041282475,0.0058336854,-0.010037698,-0.014500305,-0.016902238,-0.005465118
-0.034006212,-0.030121326,0.01155626,-0.031888813,0.011647865,-0.00488472
-0.021956488,-0.008210267,-0.010118142,0.0023588538,-0.0130665675,0.0019088387
0.03615895,0.0010412186,-0.018726835,0.006501798,-0.027571313,-0.02405353
-8.590892e-05,-0.0105351545,0.0053447224,-0.012709051,-0.0015462041,0.00019566715
-0.008360021,-0.0087004155,0.009304805,-0.0047767507,-0.020703882,0.02295047
-0.011826873,0.007553205,0.013120856,0.0028669587,-0.014437616,-0.0006726887
0.02641946,0.00847899,-0.006765075,-0.00092737377,-0.0010797381,-0.000717029
-0.0015564486,-0.011256561,0.027640551,0.013779074,-0.013819009,0.006404333
-0.009363476,0.005617421,0.0040656477,-0.010835081,-0.005070694,-0.029702649
-0.009036332,0.016112162,0.008675015,-0.004107304,0.015724033,0.0209741
0.011491187,-0.009585671,0.016300783,0.0047812164,-0.01996845,0.003158152
0.023228884,0.025735646,-0.024195224,0.0036007166,0.005908042,0.005180016
0.027149552,-0.0068046153,0.0025924891,0.0015043975,0.011556208,0.0054085404
-0.018015265,-0.011978466,0.015285671,-0.0008586645,-0.0075104535,-0.0017375723
0.008206286,0.024295032,0.0012554973,0.038733453,0.003005892,-0.004607193
0.012148902,0.022872776,-0.00041828305,-0.008633673,-0.002971068,-0.018327504
0.0026710704,0.008009419,-0.016187921,-0.008379981,-0.018339489,-0.018861711
-0.012223512,0.0068011656,-0.022037864,-0.015956938,-0.003709972,-0.00974679
0.008787893,-0.02700977,0.024185255,-0.0072868727,0.02414988,0.006215483
-0.010534689,0.019158944,-0.004349597,-0.0013472885,-0.0023033284,-0.0053707436
0.029209554,-0.009329781,0.008102432,-0.01081413,-0.025104562,-0.021913823
-0.012412459,0.019679397,-0.00902985,0.037126124,-0.015345782,0.005610965
0.006534606,0.00067281723,0.012180444,-0.038699225,0.0056374893,-0.025476068
0.035932556,-0.045151703,0.016516179,0.015163673,-0.025325902,-0.016909182
-0.00029733777,-0.0069916695,0.0022125393,0.04084818,0.005713403,-0.004226662
0.009043656,0.019303232,0.01300551,0.0058977455,0.0030179024,0.025506556
0.009924114,0.0072685853,0.011789262,0.0053536445,-0.010842741,-0.00072722696
-0.005657941,0.028217673,0.0072327703,-0.0052239746,-0.0168751,0.018230483
0.000600934,-0.016798317,0.00094494224,0.008211717,0.0048111156,0.013196778
-0.0041088313,-0.010126106,0.004112635,0.013866192,-0.009492636,0.007799804
0.0043281317,-0.016786888,-0.011883751,-0.021696717,-0.0070214868,0.015601605
0.0013081329,-0.017568901,-0.016371286,-0.008226503,0.0045111813,-0.026064256
0.01064007,-0.00775206,0.011012703,-0.021313965,-0.013384901,-0.011151692
0.013339087,0.007867083,0.017859492,0.00012850016,0.00763084,-0.0020891465
0.020636484,-0.01305154,-0.007013168,-0.017561853,-0.025636807,-0.030975789
-0.0017910544,-0.020868003,0.003517991,0.015427634,-0.015118681,0.0038553327
0.025181934,1.899898e-05,-0.0068212748,-0.021740984,-0.014645278,-0.0026536807
-0.008684607,-0.026258647,0.012306005,-0.023560315,0.004950285,-0.007693298
-0.007288009,-0.0057013333,0.00495816,-0.0108990185,-0.0066589713,0.013120398
-0.013960421,-0.0031136721,0.0036234874,0.005247891,-0.0060125887,-0.0029291213
0.013911128,-0.0038904399,0.019786581,0.004683677,0.009655654,-0.017984977
-0.008205658,-0.038517646,0.036639914,-0.021154992,0.008096032,0.015653359
-0.013231203,0.0060762092,0.0006235838,0.0009132102,0.003718704,0.0010172147
-0.011577275,0.019669443,-0.009151205,0.015695557,-0.0062575936,0.0041310005
0.020955116,-0.029128507,0.023606986,-0.006718889,0.0037429333,0.0020500086
0.010557026,-0.030719325,-0.01659955,-0.005959034,-0.032194078,-0.013836056
-0.00546667,-0.014114708,0.015106618,0.01891695,0.016097307,0.016108513
-0.01249215,0.008513629,-0.027324915,0.020617858,-0.016868353,-0.008989662
-0.016459197,0.0011822991,-0.0027451366,0.013721131,-0.0015158504,-0.00054094195
0.017857034,0.0060847425,0.009123176,0.008485451,0.011501111,-0.009353891
0.009387925,-0.031037152,0.023159228,-0.024687797,-0.010287054,0.009833131
0.0013318807,-0.011380804,0.00767985,-0.003753975,0.0011261869,-0.03608702
-0.012157023,-0.004217677,0.0068312734,-0.03770889,-0.028618723,-0.015751418
0.0130416155,0.007150028,-0.0008109659,-0.015376091,0.0048256665,-5.2098185e-05
0.016365856,-0.009370489,0.0047019273,-0.0072210412,-0.0074494258,0.020474777
-0.0056730956,0.023231626,0.037392076,-0.027350953,-0.016442075,-0.011297263
-0.010053277,0.009004414,-0.0035305321,0.0016620178,-0.008751363,-0.010370402
0.028870672,-0.023010362,-0.01549349,0.027310826,0.010093011,-0.0131264515
-0.0193796,-0.0220082,-0.007139027,-0.01921396,-0.027319074,-0.016036987
-0.0043022702,-0.011655599,-0.00845414,-0.006245494,0.0038380474,0.01338414
-0.009886742,-0.03893009,-0.0061236657,-0.010448039,-0.013313275,-0.008007571
-0.012658626,-0.012505677,0.00027239323,-0.010919005,-0.01434505,-0.01606328
-0.0072248057,0.013538794,-0.0018520653,0.0007505715,-0.0021745116,-0.002227664
-0.0006013494,-0.024756934,0.020149225,0.086447686,0.0018650992,0.002136618
-0.005571509,0.005325161,-0.00949803,0.0024963953,-0.018620536,-0.017249718
-0.04148799,0.008342741,-0.008164763,-0.0004688725,0.0032334477,0.009411067
-0.013464468,-0.018168122,-0.0039714463,-0.01804651,0.013056718,-0.013416519
-0.005262658,0.0110865235,-0.014343753,0.007998817,0.002098173,0.011317775
0.008008461,-0.006741926,0.006871905,-0.002410397,-0.019689426,0.009507023
0.0056197345,0.010323793,0.021455653,0.011285491,-0.0045673773,-0.009927243
0.0011810064,-0.014585003,0.020732611,-0.016397372,0.03231418,-0.008309096
0.0060866475,-0.0038541555,-0.010885164,-0.026141865,-0.007613033,-0.023261487
0.0055690035,-0.0069110505,-0.0824742,0.035005495,-0.00034973025,0.0065335035
-0.0287918,0.025539666,-0.0005059093,0.034236953,0.010607272,-0.0038743913
-0.011830524,-0.0047272444,-0.014055207,0.007605158,-0.011628017,-0.006841732
-0.008340719,-0.0016752034,0.0131042,-0.0069577117,-0.016573295,0.009657275
-0.0025836527,-0.029163763,0.0062458925,-0.036124513,0.0005045179,-0.0034194887
-0.017225698,-0.0001616925,-0.01627095,0.006390348,-0.02104196,-0.0022879355
-0.016451431,-0.018622726,-0.01605244,0.0037574172,0.002657555,-0.0005229153
0.024183244,0.015702203,-0.0033410997,-3.6992133e-05,0.009655684,0.015779138
-0.0006556362,-0.009142071,0.011778057,0.0011099428,-0.010657575,-0.0052522123
0.018535426,0.009058796,0.01842127,0.0013247812,-0.01632908,-0.0040205866
0.014328465,0.012078278,0.023040153,-0.008882716,0.021667749,0.012992367
-0.01025103,-0.021664321,-0.014564132,-0.0032075923,-0.016611248,0.011494249
-0.0015391186,-0.003659442,0.013353288,0.010670647,0.018307969,0.008955767
0.022038698,0.0062316656,0.02652666,-0.0057664663,0.024348825,0.010601722
-0.03055811,-0.0132851675,0.004782915,-0.028726742,-0.0044995993,-0.01313749
0.011601359,0.0015198588,0.005589299,0.011836812,0.00551036,-0.02314628
0.00946714,-0.008808612,-0.0013445467,-0.00060379505,-0.008246735,0.00011766143
-0.0032665133,0.013129815,-0.013301447,-0.0025323406,0.0084906295,0.014293194
0.038355395,-0.0073589645,0.016854197,-0.010974396,0.010116287,-0.0072577074
-0.00944465,-0.0024808794,0.014130019,0.0023777187,0.0018885806,-0.00011557713
-0.02305846,-0.0016896725,-0.02018857,0.0049502105,-0.018660963,0.007219538
-0.006606087,-0.01488445,-0.0060545355,-0.010807324,-0.0085669365,-9.337999e-05
-0.014877483,-0.018683821,0.020850793,0.004147023,0.0072665587,0.00416252
-0.006422654,-3.811717e-05,-0.017038738,-0.02152488,-0.009442585,-0.028939862
-0.0025924444,0.010995343,0.017346166,0.006436527,-0.008244999,-0.008485466
-0.007397131,-0.017297588,0.010451697,0.017713577,-0.00042618066,0.0042027086
0.0032103248,-0.028611451,0.009215176,-0.003055483,-0.008137539,-0.0045149773
-0.011566885,0.012393594,-0.0023202226,-0.0061475337,-0.008406971,0.023723662
0.05844441,0.009660151,-0.016870573,0.01404205,0.0006546378,-0.013114668
0.008212902,0.008872315,0.0053002676,0.008630663,0.014453098,0.0029537007
0.036832944,-0.027668457,0.020316362,-0.020701393,0.022435322,0.003231141
0.003914416,-0.007178426,0.02023799,0.01454775,-0.01087068,-0.0069427937
0.009467218,0.010162398,0.004806116,0.015520453,0.0004223585,0.015129641
-0.0074308366,0.005520344,-0.0015482157,0.010818392,-0.010042332,0.010521122
-0.0070370287,0.01627164,-0.0014179312,-0.0045140088,-0.011053637,-0.0012837425
-0.005030632,0.020975754,-0.03028442,-0.005088061,0.0054724365,0.017060667
-0.00526442,0.002996046,0.0074642897,-0.0093281865,-0.019946545,0.013785737
0.00017716736,0.022128552,-0.011272654,-0.00738696,0.00084583275,0.012209378
0.024812058,-0.01594144,0.012372516,0.017990071,-0.02605005,-0.0044552684
-0.003996104,-0.007772438,0.0051822513,-0.010525748,0.0070841573,0.010395266
-0.010333478,0.0050820187,0.022990346,-0.010040641,0.013139823,0.0035244226
0.020777129,-0.013464868,0.008388091,0.0021087527,-0.023019284,0.0038010925
-0.0034732968,-0.004723184,-0.0044590393,0.025897592,-0.014207259,0.007096246
-0.0283399,-0.004801564,-0.015527934,0.0016750735,-0.01679451,-0.012951158
-7.83056e-06,0.038618892,-0.041801848,0.0023744702,0.005543828,0.026140839
-0.008157723,0.013660856,0.016647846,0.00016543269,-0.004126016,-0.01715438
0.015204713,0.01149923,-0.0062079616,-0.0068904534,-0.022527605,-0.011566304
-0.0074383095,0.0053590387,0.044227406,0.016197681,0.008594409,0.0045767054
-0.004425481,-0.018140804,-0.001431575,-0.005662784,-0.0032181665,-0.013889253
0.016999371,-0.015777647,0.016753882,-0.017521365,0.004903689,-0.010803327
0.0120983645,0.015613526,0.015860587,0.0005118251,-0.006222969,-0.0033635013
-0.009737879,-0.03310101,-0.012494639,-0.007533483,-0.018801957,-0.012481749
0.004085712,-0.007537499,0.0041024536,-0.02184824,-0.0073188543,0.0091507435
-0.008031115,0.0031322688,-0.009539157,-0.015846938,0.013979405,-0.0021092743
-0.026302572,0.018537737,0.00566916,0.007643711,-0.0073467046,0.0060081705
-0.020874768,0.024101108,-0.019739779,0.042947292,-0.009113606,0.016476393
0.012198329,0.0009822473,0.0104283,0.023146823,-0.013805464,0.0007555783
0.020441383,-0.0092718005,-0.0045437366,0.01861158,0.008577153,0.016175568
-0.01761949,0.0028347494,-0.01439935,0.012001157,-0.0066578984,0.009699881
0.011151769,0.013433192,0.0144182965,-0.021905543,-0.004128471,0.013512805
-0.013950735,-0.0042512715,0.0009459257,-0.01153335,-0.0022488236,-0.0031842738
0.0158021,0.058044456,0.014013827,0.02854879,-0.02326943,0.0012592077
-0.0070870966,0.025145084,0.014320418,0.0028548948,-0.020590449,-2.3841858e-07
-0.0057615936,0.0052435696,0.02544476,0.010357656,0.0053880066,-0.016938195
0.0126042515,-0.010905579,-0.0062568076,-0.0012482256,-0.001763206,0.0048507024
0.004838884,-0.025513962,-0.006297052,0.00082702935,-0.019106492,0.00968793
0.023502719,0.0117179975,0.014442533,0.013667956,-0.017997144,-0.0002587512
0.021315485,-0.0074200747,0.003125012,-0.004005697,-0.015687242,-0.0071758586
-0.0014710426,-0.010631714,0.0073200464,-0.01418066,-0.015249357,0.0010848101
-0.00536032,0.006708421,-0.004900694,0.0034772195,0.0027240813,0.00024242699
-0.023177573,-0.028835677,0.0031152964,-0.011708113,-0.012208879,-0.0025990158
-0.013638536,0.003273971,0.006741911,0.0051120743,-0.028699601,-0.011007398
-0.008490913,-0.0061393976,-0.009661764,-0.008963317,-0.043139707,-0.0020725206
0.012897402,0.018116362,0.020905152,-0.006360501,0.015489638,0.0031864047
-0.0031842813,0.012796387,0.016318433,-0.0017904267,0.00017393008,0.0031750724
0.015871212,0.01312831,0.018070668,0.027900219,0.0116858855,0.012883216
-0.0075282156,-0.014044121,-0.0084991455,0.0009380728,-0.02751121,0.0066695362
0.016552806,0.015764415,0.021438591,0.0043565407,-0.0025539845,0.0034338236
-0.003986314,-0.007964283,-0.0008718446,-0.011627436,0.0018308908,-0.027777582
0.018246152,-0.014362603,0.019329384,0.012974575,-0.0033937208,0.0117420405
-0.01183068,-0.015361384,0.008862108,-0.025476266,0.000778988,-0.008692708
0.054856393,0.0002586469,0.016660616,-0.014797837,0.0031657815,-0.0049571656
0.015900046,-0.0072444743,0.003337713,-0.01028498,-0.007057324,-0.013490483
0.021932364,-0.0046153218,-0.0027724952,-0.015803501,-0.024920702,-0.014079973
0.004022818,-0.030058414,0.013635509,0.0033393204,-0.014945067,-0.011782825
-0.00902909,-0.019761652,0.020964444,-0.025815308,-0.0005523041,-0.012882471
-0.0011269152,0.016999846,-0.002521783,0.0016988814,0.0016318858,0.001373075
0.0029580528,-0.019947035,-0.034491375,0.012420788,0.010216042,-0.0066096038
-0.025026739,-0.009785004,0.008728325,-0.009506032,-0.0022105128,-0.013352651
-0.0039990693,0.0027092546,0.015098415,0.014375836,0.007798195,-0.011473183
0.08087501,0.010546073,-0.014947429,0.009607201,-0.019611299,-0.0017630011
-0.016622052,-0.008768424,-0.008093394,0.0076813996,-0.003720305,-0.008867949
-0.005967021,-0.025076896,-0.008220173,-0.010524695,0.0016904697,-0.010160267
-0.02340027,0.003628403,0.0047534257,-0.0024010986,0.007558048,0.0069824606
-0.0022017285,0.0045290887,-0.0060658455,-0.00408569,0.005368158,-0.005649522
-0.014094725,-0.008125812,0.038458884,-2.706796e-05,-0.016564667,-0.01960285
-0.018641636,-0.018697232,-0.011428367,-0.0019379854,-0.010066792,-0.012655601
0.0019292496,-0.009897072,0.0009679124,-0.0035526566,-0.0133277215,-0.003232643
-0.027181745,-0.0019983798,0.012455516,0.006072074,-0.0071038827,0.0068314597
-0.0030566007,-0.007964887,0.0010867193,0.008665293,0.009068713,-0.008308992
0.01052817,-0.019989952,-0.0010694414,0.009764217,-0.022907257,-0.00036866777
0.044956893,-0.023231223,0.029048681,-0.022482216,-0.009459823,-0.012630388
0.01978895,0.0029690787,0.004669279,-0.010764316,0.017361488,-0.013336632
-0.0034666061,0.0077201948,0.0061726123,0.0073308274,-0.0030456074,-0.013964539
-0.008577801,-0.028636754,0.01430358,-0.0012713075,0.0014001876,-0.024719179
0.005351633,-0.0020151585,0.02551885,-0.01020534,0.0091923475,0.0048298016
-0.012340531,0.007837474,-0.0058506685,0.017385826,-0.008992165,0.008526385
-0.009691834,-0.0035811812,-0.017332196,-2.073031e-05,-0.049987547,-0.033587664
-0.0022126138,0.001067549,0.009292811,0.017586648,-0.021745801,0.01406461
0.012438893,0.011841595,0.010867862,0.0041355044,0.008626103,0.007689759
-0.025161043,0.0030140262,0.0027598068,0.0074653737,-0.038493134,-0.0063342527
0.00668031,0.021723606,0.0013334006,-0.008245095,0.0002028346,-0.011403352
-0.011593193,0.0009972006,-0.0041314885,-0.0031130612,0.006713249,-0.0029643774
-0.010237504,-0.013146788,-0.012058973,-0.015214983,-0.007142678,-0.01351133
-0.023599371,-0.003998108,-0.0060927235,0.008862352,-0.006485611,-0.0305769
0.011759907,-0.025605075,0.023563169,0.009998009,-0.0002873242,-0.014678001
-0.024807278,-0.01657787,0.011688039,0.032344505,0.0022126585,-0.006126061
-0.018357292,0.019626804,0.009195307,0.0050456673,-0.003053084,0.012954876
0.014948294,-0.009667605,0.008678187,-0.017818004,0.013309307,-0.022810116
-0.012306683,-0.009627137,0.017910391,-0.0021996722,-0.015576959,0.008922764
0.01339066,-0.0033893138,0.002695635,-0.014176488,0.012861369,0.0012065619
0.002574943,0.040404316,0.012327312,0.0065146685,-0.009750852,0.022590049
-0.015141815,0.024997942,-0.028923169,-0.0057156384,-0.0011848509,0.010334507
0.0037249029,0.023708418,0.016773492,0.0074550584,-0.0077558756,0.0037503242
0.017838724,-0.012655437,-0.0015415847,0.009110067,0.0070720166,-0.015354417
0.022458509,0.005023472,0.024672579,-0.010703519,0.00935705,0.0046873726
-0.029327333,-0.014112264,-0.0050079525,0.019230828,-0.008586347,-0.002585411
0.02677089,-0.023772078,0.014852539,-0.0019358099,0.000981018,-0.009608179
-0.036379114,0.019105718,0.019759241,-0.021484703,0.017932251,-0.0053915232
0.0061181337,-0.018800601,-0.020647675,-0.0070002824,-0.007980138,0.008200516
0.009472873,-0.010204315,0.011191535,0.011456341,0.002140984,-0.03720712
-0.0020592734,0.0046618134,0.00066076964,0.010763124,0.0005047247,0.015273541
0.013171874,-0.014713861,0.01036647,-0.018637024,0.003619236,-0.004623167
0.005009327,-0.019798268,-0.025846416,-0.0009185355,-0.015740715,-0.010494519
0.0031304806,-0.0073634684,0.015000418,-0.004479371,0.0019573271,0.024462879
0.028716087,-0.015515268,0.008855092,-0.00033217296,0.015570655,-0.0118974
-0.018349528,0.0038872883,0.013136998,-0.007990897,0.006879024,-0.00075495243
-0.0043041063,0.02269888,0.01458323,0.0068434477,0.00714691,0.02377814
0.012958303,-0.00860434,0.020000815,-0.010677204,0.017025255,0.00039172173
0.009427145,-0.023955524,0.017890036,-0.016594365,0.0074234903,-0.0020713182
0.0089547485,0.0017305352,0.024540871,0.016358912,0.0005840659,-0.0033624172
0.023076635,-0.01366155,0.008487493,-0.019138895,0.016891822,-0.009730551
-0.0125232935,-0.013221204,-0.0052366517,0.03280115,0.00023037195,0.028215282
-0.030681297,-0.013639231,-0.019613296,-0.015188485,-0.01712206,0.004940875
0.0010869801,-0.0013904646,0.010433622,0.018105432,0.020661987,-0.0024016723
0.030642293,-0.015711613,0.021963283,-0.0016757473,-0.011561796,0.01612641
-0.011380708,-0.008738411,0.01880876,0.014095247,-0.0014812541,-0.0196473
-0.0060329735,-0.0072643906,-0.009551224,-0.00072864443,-0.017499952,0.0046827793
-0.0084420815,0.0030858405,0.014980234,-0.026443362,-0.00053715706,-0.04791417
0.012389767,0.0004956126,0.012552157,0.0053008012,-0.0045595914,0.008069465
0.01747978,-0.007564716,0.0102722645,-0.007688731,-0.006506525,-0.0171825
0.022668004,0.028665364,-0.0067764446,-0.0099154115,0.00444832,-0.016251504
0.020985283,0.0038947798,-0.0073595643,0.0053577274,-0.012918711,0.0048422255
0.014741309,-0.011488941,-0.0050861016,-0.007905744,0.0079716,0.004655555
0.019688822,-0.023847688,0.0071856678,0.008538477,0.012434191,-0.019606449
-0.005522147,0.009861495,0.0118744895,-0.00010678265,-0.0022219196,-0.0022177175
0.014215119,-0.031989787,0.008665584,-0.003515184,-0.008158937,-0.0058216304
-0.013327222,-0.0090388805,0.009907767,-0.010361105,-0.022365026,0.0049924254
0.0035371184,-0.021695822,0.012304433,-0.026415192,0.019118346,-0.014750108
0.002585709,0.008493602,-0.010603184,0.00264737,-0.0015158206,0.009655207
0.023305327,-0.020820703,0.009061813,-0.004798755,-0.019967198,0.021931663
0.005523649,0.002934372,0.024436854,0.0011552423,0.016285993,-0.008283652
0.0063257813,-0.009144336,0.0015968978,-0.006214842,-0.016313232,0.020510867
-0.013427734,-0.0029591173,0.0047734305,0.014985457,0.006868556,-0.009014681
-0.02299463,0.004019618,-0.0030341446,0.011977345,-0.0032807924,0.01090751
0.007554859,-0.027915798,-0.014951589,-0.004728377,0.009969562,-0.010848269
0.012741566,0.002359584,0.0021087676,0.010991782,-0.016135808,0.023927256
0.004056655,-0.019918522,-0.013802156,-0.009695724,-0.006034933,0.0039641634
-0.011720523,-0.004270768,-0.021307081,-0.0010688007,-0.008188456,0.017206877
-0.006783791,0.023949146,0.034520663,-0.007994015,0.022984445,0.01206556
0.012355812,-0.002286926,0.022178367,-0.017321922,0.004003018,0.0027144253
0.0020284727,0.01309527,0.019879356,-0.003306944,-0.019092426,0.0062228367
-0.014053538,-0.0117037445,0.018758416,-0.0059087574,0.006691158,0.00925703
-0.023591448,0.022866398,0.004786553,0.008308679,0.0020768493,0.017320156
-0.017456949,0.006735011,0.005866334,-0.0020713806,-0.0061466545,0.0109273195
0.005974926,0.0101789385,0.040965714,-0.04879144,-0.021024197,-0.010365576
0.0065882057,0.022116005,-0.01784958,0.021238059,0.026832767,-0.012180001
0.014932603,-0.011484861,0.018521637,0.016084258,-0.00036275387,0.012820773
0.011713583,0.0023719054,-0.013443019,0.042817794,-0.010272764,0.0032091588
-0.007719174,-0.017944902,-0.009442721,0.015677877,-0.008897811,0.0004851371
0.015206322,-0.009949774,0.0009192657,0.002093643,0.0084420685,0.0059064925
-0.016470406,-0.01419273,-0.026764832,-0.009220566,-0.019403458,-0.0137436725
-0.012627184,-0.021321878,-0.01588741,-0.025294155,-0.008365177,-9.1955066e-05
-0.0032639802,0.018195435,-0.007136397,0.008725971,0.001839608,0.00631544
0.010881975,-0.029974893,-0.014583379,-0.018943712,0.009024605,-0.003218308
1.4007906e-05,-0.03612539,-0.005354196,0.012570612,-0.011549272,0.019768238
-0.0032045692,0.0072466973,-0.0046328455,-0.010928839,-0.01464805,0.0047768056
0.0020797849,-0.03836903,0.007286422,0.0023864508,0.012218863,-0.008100055
-0.009988114,-0.027150176,-0.034137264,-0.0038041621,-0.018380225,0.001728192
0.01900585,-0.0011121295,0.0023900568,-0.0042905807,-0.015436947,-0.019751921
0.02778577,0.008413465,0.029987156,0.004276298,0.014441013,0.011431448
0.015131794,0.018710464,0.0024104677,-0.00078615174,-0.016280066,0.002921313
0.0020089373,0.004456803,-0.007363259,0.0040078014,-0.0030676574,-0.0032437742
0.013825119,-0.0034115757,0.019450132,-0.013581172,0.00818333,-0.0072195604
-0.005323708,0.015424162,0.011446578,-0.0058493316,-0.012085758,0.029579699
-0.02725032,0.0026930885,0.011737126,0.0052098855,0.015341878,0.008907303
-0.008658886,0.0055113137,-0.015445739,0.021514952,-0.0055588335,0.013406515
0.011243582,-0.0034251139,-0.019216567,-0.0050610974,-0.00575695,-0.0100921225
-0.026527524,0.00089997053,-0.019343391,-0.01392258,0.015224241,0.008901894
0.0021713674,-0.0050807223,0.015159534,0.009312283,-0.00458619,-0.006327022
-0.001072675,0.0044397116,0.021508157,-0.01807253,0.017685458,-0.00886476
-0.0061970763,0.015256494,-0.0022059418,-0.0012446386,0.004470907,-6.259233e-05
-0.006820798,-0.011367433,0.01984018,0.02169568,-0.00600224,0.008908883
-0.008312568,-0.011538178,0.002386693,0.016415566,-0.0074738264,0.018494844
0.019502487,0.0029172925,-0.014930844,-0.0035723373,2.1651387e-05,-0.004023701
-0.011489056,-0.013972655,0.00896816,0.0036199056,0.010209948,-0.0068034977
-0.005259756,0.011957094,0.013483103,-0.0022698045,-0.018402185,0.00093483925
-0.0067860186,0.0098935515,-0.02188602,0.006282538,0.010589689,0.0014438927
-0.03305742,0.007935971,-0.0020410363,-0.014689535,-0.009705767,-0.030183107
0.009572618,-0.010014728,0.0050162636,0.012241468,0.0053328574,-0.012586879
-0.0049972087,0.028589055,0.0020772608,-0.00091667473,-0.014955297,0.010109082
-0.022331625,1.5877187e-05,-0.021461368,0.008298997,-0.026172161,-0.007530436
0.0020908937,-0.025827657,0.008698583,0.0022405386,-0.00027547777,-0.016262919
-0.01864585,-0.009241149,-0.0050806254,0.008435488,0.0049630105,-0.012852699
-0.01612708,-0.022529572,0.001748044,-0.018406082,-0.014274798,-0.012250841
0.009948261,0.0049559623,0.024566874,-0.035945475,-0.020013705,0.023414433
-0.010025039,0.0134548545,-0.00923723,0.0048394054,-0.00968793,-0.016537115
0.025967315,0.0068072975,0.013159253,0.0010405742,0.00021189451,0.003988646
-0.011216948,0.00749027,0.011048198,-0.0076399,-0.018590502,-0.0013669357
-0.02713634,0.008876249,0.00015366077,0.025981054,0.045790136,0.013411783
0.0023043454,0.016959248,-0.017160585,0.006699562,-0.024951518,0.007969126
-0.013004482,-0.013948258,-0.00054808334,0.0037428066,-0.017272852,0.0026974883
0.005163718,-0.001252979,0.020995796,0.017069519,0.012093233,-0.0011680573
-0.025954261,-0.022811115,-0.015071422,0.0034795702,-0.015745908,-0.0071653724
0.012182161,-0.020109214,0.0012033489,0.009832807,-0.013723772,-0.00905573
-0.01707162,-0.011482328,0.011347279,0.02080898,0.006665081,0.008681133
-0.0021100342,-0.0033080876,-0.0061767995,0.024671718,-0.020245902,0.0022100098
-0.019307405,0.034927264,0.017348737,0.0027946308,-0.0135897845,-0.005550444
-0.0073029026,0.01769064,-0.015490659,0.015522372,0.009912416,-0.0045795203
-0.019578934,0.020904005,-0.0037346575,0.005191684,-0.0018912535,0.019498229
0.011844978,-0.019362777,0.019277468,-0.015116245,-0.0021488667,-0.012884852
0.00014074147,-0.03377339,-0.0055458397,-0.012845352,0.0015932396,0.0019812584
-0.00079227984,-0.012189537,-0.0040430874,0.009230923,-0.010407299,0.011139164
-0.006995082,0.014964245,-0.015494082,0.017959058,0.0049470756,-0.017013222
0.018511996,0.020162761,0.028378576,-0.006043976,0.0073998123,-0.027090311
-0.004485678,-0.005289361,0.0041064452,0.012528865,-0.008510299,-0.008426398
0.026451737,-0.028491557,0.013313383,-0.01623217,-0.007468611,0.003975041
0.0040528476,-0.023748264,0.02089186,-0.0048615634,0.009269118,0.0040285285
-0.0017253757,-6.4836815e-05,-0.00029752403,0.00016222149,-0.00055657234,-0.014100991
0.018170625,-0.009538546,-0.0061019603,0.002904877,-0.0014037788,-0.012054801
0.0026523173,-0.00850746,0.008988306,0.01584959,-0.006967105,0.009358145
0.025191456,-0.02307275,0.019656032,-0.0071381647,-0.006525725,-6.940961e-05
-0.0004499443,-0.03805594,0.0057617724,-0.009707451,-0.011643693,-0.02476205
-0.02825953,-0.0093887225,-0.009172007,0.03582932,-0.0038283244,-0.011671884
-0.0007767938,0.026045352,0.0280355,0.037770808,-0.009267509,-0.020982534
0.0047686547,-0.0033673048,-0.0014229566,-0.011923283,-0.0060113966,0.00935127
-0.0053783655,0.006258428,0.012770653,-0.018465549,0.001847893,-0.0057605132
0.0029081106,0.014184475,-0.018134937,-0.0023816526,-0.047322184,-0.016762443
-0.008669892,0.018357217,0.024446912,0.014383942,-0.014749736,0.0030027628
-0.005998481,-0.0016852561,0.01172471,0.01793906,0.010237515,-0.0053642094
0.009718063,-0.013901718,0.0014578402,-0.0009087119,-0.0041760206,-0.0076540057
-0.01805666,-0.0054048225,0.022006936,0.021556616,-0.0046769083,0.010502264
-0.0054570735,0.007831059,-0.010293068,0.006000042,-0.013972029,-0.0048127957
-0.013318747,-0.026845314,0.018710751,-0.005231738,-0.0051414818,0.0020948201
0.014889941,-0.017734885,0.0059763193,0.00935645,-0.007453531,0.0105433315
0.008907348,-0.005905375,0.032793656,0.0021489114,0.017858688,0.0036978275
0.002588203,0.029971033,0.018815324,0.0060942173,-0.007964183,0.026717342
0.019315738,-0.017794887,0.020519674,-0.017461926,-0.014616504,0.024663642
0.00711067,-0.0012589842,-0.004750401,-0.013501879,0.01640594,-0.014812592
-0.028858691,-0.0040948614,-0.0025256276,-0.0060887486,-0.0026856065,-0.008796625
0.0029439032,-0.0029548332,0.009209901,0.015586663,0.014595002,0.002433613
0.024611667,-0.00489074,0.009610876,-0.02195096,0.0034401715,-0.02371405
0.019868538,-0.014323816,0.0021679997,-0.03444895,0.015460338,0.0015702099
-0.0038044509,-0.0059845448,-0.015134931,0.0073365457,-0.013728499,0.005579114
-0.0024727788,0.010470115,0.014852166,-0.0046245903,0.006807849,0.014577419
0.02156955,-0.021620743,0.020891726,0.0062937513,0.012049377,-0.0133379325
-0.016584933,0.0068245977,0.0075691044,-0.015305437,-0.0013432894,0.006261289
0.0070312247,0.0022219769,-0.0074802935,0.0010733753,-0.022393636,-0.011997998
0.0144420415,-0.020489886,0.006033562,-0.0062561,0.0038981922,0.0010116547
-0.01154203,-0.018721819,0.0064918753,-0.006672624,-0.0051234663,-0.017688632
-0.02210638,-0.012901939,-0.024823606,0.016129497,-0.016153336,-0.015227754
0.027200274,-0.025246903,0.020206496,0.02351332,-0.006378159,0.0075450838
-0.029148161,-0.012422368,0.0049363077,-0.016836852,-0.008227527,-0.001015991
-0.0025700033,0.0022057295,-0.0043669567,-0.009538211,-0.014315426,0.013723325
0.011839271,-0.00356476,0.01348133,0.005091369,-0.01065585,0.000653401
0.013705105,-0.0042456686,0.0066706575,0.015851274,0.008598983,0.022461671
-0.0024611428,-0.011098422,-0.008443695,0.0038905144,0.004663959,-0.015861124
0.018951297,0.012160979,0.018752329,-0.010169588,-0.005176842,0.0026934147
0.00217399,0.013424933,-0.0077791363,0.010235079,0.0016130991,0.0055642426
-0.034353882,-0.0074675307,0.000248353,0.019837603,-0.0023979545,-0.0077099577
-0.03801313,0.003095299,0.0124133825,0.027419388,-0.0030970275,0.0075615942
0.014482334,-0.005236475,0.03561735,-0.0035903305,0.0015474558,-0.022482932
0.009609029,0.013880789,-0.023043938,-0.00014423579,0.0047694445,-0.017974386
-0.009550542,0.01368919,-0.0038836747,0.0081195915,-0.012479991,-0.0005557388
-0.005445242,0.010824427,0.005001962,0.009127229,-0.0065531284,0.008971527
0.0138192475,0.0015648752,0.033664495,-0.014993308,-0.009105504,-0.016067177
0.002809208,0.011912823,-0.0027136747,-0.005007088,-0.0064521134,-0.022134423
-0.0154527575,-0.0069140047,0.0034606084,0.0056174886,-0.009648949,0.00035102665
-0.018575102,-0.03139873,0.0055482313,0.01237503,0.0126449615,0.006414397
0.012238145,-0.006371138,0.00023115077,-0.0062672906,-0.0049315467,-0.013682753
0.0042971037,-0.012332499,0.020096228,-0.006442994,-0.0029577613,-0.02342959
-0.016409446,-0.0073462725,-0.009842321,-0.011355281,-0.01765135,-0.012920968
0.01830487,-0.019830346,0.019421652,0.009656519,-0.012821451,-0.0010869242
0.024129402,0.009832844,-0.0034159832,0.030373067,0.0047050705,-0.0034293085
0.011838108,-0.012887105,0.014293194,-0.010127466,0.017627168,0.0010887682
0.024832316,0.036023393,-0.013705814,0.010044813,-0.0002504401,0.026308097
-0.002333194,-0.016413786,-0.0086009335,0.010745926,-0.014869183,-0.002042368
-0.013184778,-0.015435658,-0.008469038,-0.00086893514,-0.008486241,-0.01203756
0.0035866946,0.00028038025,0.016542166,-0.008704543,0.0033697183,-0.013914004
-0.013859242,0.011343129,-0.0052568913,0.019384623,-0.026522815,0.002847962
-0.0131812785,-0.025296226,0.005133182,-0.0043510944,0.014641851,-0.013301164
-0.015738001,-0.007525146,0.0023307502,-0.013839148,-0.02270802,-0.01577307
-0.008543059,0.020530969,0.011167377,0.00648308,-0.026205212,-0.0013438463
0.008592725,0.0070983768,0.0012708211,0.01371707,0.0087785125,0.019136503
-0.01646534,-0.0023467615,0.023495294,-0.006600447,-0.016303938,0.009493269
0.019507661,-0.009542979,-0.004119504,-0.0079900175,0.00813657,-0.0055072205
-0.006644601,0.010583214,-0.0053626,-0.01808767,0.0031623542,0.011833648
0.011453539,-0.011165768,0.026157081,0.022827923,-0.0013528764,0.018137008
-0.01378417,-0.009952024,-0.0016618408,0.008897305,-0.008086607,-0.017672539
-0.0024731755,-0.004807934,-0.002796337,0.021926235,0.0067779236,0.0072964206
0.026882894,-0.014208317,0.016327351,-0.009188154,-0.019715607,-0.00648582
-0.0050069494,-0.024534136,0.017707676,0.011478476,-0.0023535788,-0.0023896545
0.013295002,-0.0008197166,0.010102242,-0.0011687987,-0.0013731327,0.012179419
0.017820671,-0.028023705,-0.010363013,-0.021540105,-0.019618265,-0.005572051
0.02599901,0.0005887598,-0.0026705563,-0.00571006,0.01874587,0.0032448694
-0.030250736,0.06408504,0.008709192,0.019058853,-0.00090088695,0.0056314766
-0.015262559,-0.021347504,0.01195645,0.016351275,-0.03097473,0.004771203
0.003517218,-0.048982605,0.017348573,0.024879662,0.0030511618,-0.005833879
0.004205689,0.023685515,-0.0067981333,0.0031976663,0.013400227,0.026188642
-0.017462052,0.008947954,-0.015309335,-0.0014153123,0.0066043623,0.02123084
-0.013115928,-0.0062285364,-0.015266985,0.016091973,-0.02858454,0.02947335
0.0030558556,0.006883368,-0.012874186,0.004336871,-0.006745916,0.016845062
0.02727694,-0.007575609,0.023918852,-0.019432813,-0.016552644,-0.030193174
-0.009653694,-0.007986307,-0.0024523586,0.0056097507,-0.016176376,0.00571357
-0.006498784,0.00012207031,0.011608504,-0.011002243,-0.012286216,-0.0047224164
0.030255854,0.019138932,-0.02017096,-0.0012565106,0.0016797632,-0.0069738
0.021287993,-0.014214486,0.006372288,0.0019812956,-0.018743984,0.011872448
-0.024505958,0.00987643,0.004768431,0.023789674,-0.007218661,-0.007437229
-0.00095942616,0.0007788241,0.015407957,-0.009602465,0.0007678941,-0.013648916
0.0016054288,-0.005258087,0.0078215,0.009836718,-0.034893543,0.0016739368
0.010349616,-0.0033702105,0.012503862,0.0011304915,-0.008437693,-0.011287734
0.006403744,0.014905572,0.012730545,0.013004765,0.010501102,0.014071524
0.0013251193,0.013943017,-0.0051273946,0.012478933,-0.016940206,0.028082833
-0.006238289,0.0137274265,-0.0062484443,0.0038803741,-0.011914533,-0.016617231
-9.04426e-05,0.01218117,-0.018082142,-0.0008515492,-0.0039515346,-0.011244193
0.015291844,0.012523174,0.003899932,0.0313887,-0.008443028,-0.008320458
-4.61936e-05,-0.018381074,0.05119992,0.007935941,-0.0026602447,-0.009890012
0.078558564,0.026962936,0.0012905654,0.010028556,-0.015794888,0.019696712
0.0027182251,-0.015504867,0.0022900254,-0.022983655,-0.013977118,-0.015960991
0.009192094,8.2716346e-05,-0.014036707,0.027452916,-0.019163478,-0.022344008
0.025844418,0.011382228,0.022264749,0.013842583,-0.0009239465,0.010744348
0.028906211,-0.019736148,0.0023965985,-0.014706995,-0.0040062172,-0.004341662
0.019717366,0.022366915,0.012982726,0.0022036135,0.008754998,-0.0048712194
0.010653779,0.028646886,0.008597687,0.012858897,-0.010888413,-0.034975648
0.012364119,-0.0069912598,-0.0054526925,0.006803669,-0.0056228037,-0.009470321
-0.0060695056,-0.018832028,-0.008581489,0.0066559017,0.0014308542,0.014036506
0.011212438,-0.005983427,-0.0027024513,-0.013543332,0.008363225,0.0034924299
0.030405909,-0.019008905,0.011455774,-0.0052592754,0.012228027,-0.003816124
-0.00019717216,-0.014777213,-0.00041555613,0.016181082,-0.0012112111,-0.0011236221
0.0070704296,0.00042620115,-0.014388427,-0.0054579824,0.0036534816,-0.0009833947
-0.00077830255,-0.014823347,0.008791413,0.004203394,-0.015961975,-0.023732647
-0.02305071,-0.024001576,-0.005822867,-0.018145077,-0.020763516,-0.014143348
0.027511861,0.0053648585,-0.006810546,0.005437491,-0.00209862,-0.0009851642
-0.0019166172,-0.029866572,-0.0077899955,-0.007431358,0.00295135,0.0032338677
-0.01429426,-0.0035168156,-0.0142821,0.003654331,-0.0016271472,0.0178044
-0.0051760674,-0.022714943,-0.010080695,-0.013750128,0.0057585537,-0.012553055
0.011067688,0.014618501,0.0013277531,-0.018269818,-0.010532379,0.014642812
0.017094582,-0.02743882,-0.002210997,-0.019870192,0.0037596636,0.033560365
-0.046255894,-0.0040073544,0.01131434,0.012305871,-0.009776384,-0.017904818
0.020303212,-0.0045461953,0.02627004,-0.0027412474,-0.021180175,-0.025953919
-0.00030842423,-0.004089799,0.0020923652,0.002319172,-0.0058266073,0.004613884
0.01703702,0.0075873435,-0.0068499744,0.0168152,0.0025318563,-0.0017406456
-0.0013116449,0.0016194955,-0.020765185,-0.026178293,-0.018031329,-0.0012307763
-0.0038601607,0.01313594,0.018386563,0.008642077,-0.004754871,0.0147461
0.0140158385,-0.015044779,-0.009333774,0.028348923,1.463294e-05,0.004873367
-0.009285826,-0.004392922,-1.144642e-05,-0.026334725,-0.00029309094,0.011228204
0.0219456,-0.016918324,0.029269934,0.002116017,-0.00027356483,0.011835853
-0.0074762246,0.015663452,0.0070690736,-0.0015452988,-0.011509978,-0.0008699596
0.016967848,-0.009118475,0.017623045,-0.019764915,0.0048360005,-0.00564757
0.012068152,-0.013875496,0.0018831491,0.014181688,0.008705484,-0.007523656
0.002368614,0.0004257597,-0.014652267,-0.0073988885,-0.0046796873,-0.008165382
-0.0070938766,-0.015337892,0.0039945096,-0.020469507,-0.0048409756,0.0031030327
-0.003474474,0.010284513,0.0071602017,-0.0070797056,-0.0068670437,-0.009055197
-0.0024315417,-0.014186516,0.007786028,-0.012421131,0.013621631,0.012546994
-0.006550513,-0.026199847,0.012831163,0.026937645,0.007940799,-0.014607489
-0.008633554,-0.01784414,-0.040847693,-0.008169167,-0.013467766,0.01905264
0.007288918,-0.01586765,-0.008054107,0.016618147,-0.01266665,-0.009919599
0.016111195,-0.007107109,0.010856926,0.032046676,-0.0076905936,-0.004671961
-0.024270386,0.026038736,-0.0049363375,-0.008667685,-0.010711044,-0.006780751
0.021825448,-0.02227083,-0.003236672,-0.0050768256,-0.01690549,-0.013324507
0.009397249,-0.004761885,0.0063990057,-0.002462469,0.0045452863,0.009980157
-0.013926681,-0.0125263,0.0070884973,-0.010282844,-0.013314113,-0.006750662
0.0027195513,0.013904005,-0.021891285,0.005678594,0.006168483,-0.011020556
0.0012441501,0.015660673,0.011628575,-0.016992167,-0.001643762,-0.014024153
-0.003908217,0.002768008,-0.023306658,-0.005786948,-0.025017247,-0.008573048
-0.007122144,-0.012949139,-0.017282426,0.0044568945,-0.01970724,0.013275936
0.007872157,0.003878057,0.0043696463,0.017271653,-0.005427003,0.026816636
0.012630552,-0.02062732,0.0007388443,-0.01705733,0.0044993013,0.002791755
0.01084201,-0.0039017797,-0.004533056,-0.00930546,-0.0037444383,0.002687687
-0.015469559,-0.029290102,0.00195916,-0.015588939,-0.015089586,-0.013545096
0.01420182,-0.020564485,0.016003609,0.009915169,0.010727622,0.005782433
-0.001427263,0.0036664754,-0.0019676723,0.028241493,-0.010182224,-0.016882956
0.02013576,0.011709771,0.010740223,-0.009995889,0.0069086403,0.011057079
-0.0054607093,-0.022542536,-0.002421409,0.002705276,-0.020373717,-0.0045866743
0.007247228,-0.02178517,0.021679804,0.0013572387,-0.0050061047,-0.015389696
-0.0012387931,-0.013382547,0.030325502,0.0016827583,0.022216013,0.0015823543
0.022021815,-0.001195645,0.00020071864,-0.0017113909,0.014433451,0.0017537326
0.0027593821,-0.028547168,-0.0005887896,0.010650385,-0.013158642,0.016043901
-0.025403768,0.0019928962,0.0028976798,-0.012504429,0.009593278,-0.010136984
0.016576186,0.018816797,0.024767548,-0.0012921989,0.020575788,0.013228394
0.04374659,-0.014245708,0.021472871,0.007166326,-0.006403826,-0.0047793835
-0.0066476464,-0.013885617,-0.023755938,-0.004361041,-0.013529047,-0.0073868297
-0.0042800605,-0.018894255,0.012376033,0.0067999065,-0.014678054,-0.011570588
0.0032103807,-0.026061982,-0.0012905787,0.0078075826,0.0037781522,-0.014315542
-0.016557649,-0.013580926,0.005022615,0.0007404275,-0.018480852,-0.0059187654
-0.023148395,0.002263397,-0.0067687184,0.031783283,-0.016121596,0.007860277
0.00069479644,0.006700918,-0.023635104,-0.0010576472,-0.01385197,0.008488335
0.018853322,-0.0076563023,-0.012894273,-0.0049102753,0.0072078705,0.021444317
0.010332942,0.018479332,0.004298605,-0.0033919364,-0.0060082376,0.014205929
-0.011862107,-0.02522561,-0.013607815,0.013865218,-0.020109802,0.0034660548
-0.04649903,-0.016859114,-3.1769276e-05,-0.005205512,-0.0026359633,-0.008737184
0.013595998,-0.012606509,-0.0038458295,-0.0053076968,0.0021345727,0.008634284
-0.0061443895,-0.029454723,0.011919759,-0.0037139058,-0.0132308155,-0.011759162
-0.0024478137,0.016418952,0.003576249,0.024995979,-0.03561026,-0.0082606375
-0.013988465,-0.003512457,-0.0013136119,-0.00384143,-0.015505597,0.001384899
0.0013243556,0.021619484,0.030778714,0.011203632,-0.014821472,0.0213992
-0.013448447,-0.00557274,-0.012487978,-0.005050108,-0.00067821145,0.0027692318
-0.006720595,-0.026634559,-0.009297624,0.0010215789,-0.0051431693,-0.015197704
0.0049359053,-0.018990733,0.01695418,0.010252506,-0.014558628,-0.015011132
0.0018436611,-0.02270846,-0.0103222355,-0.010798991,-5.38975e-05,-0.025491815
-0.03162384,0.010548562,-0.008209646,-0.009880304,-0.025810376,-0.005870074
0.014925256,-0.011189908,0.016497105,-0.011731125,-0.003740713,-0.0091730505
0.020196944,-0.0003324747,0.008566581,-0.011083886,0.009928435,-0.022932842
-0.004315093,0.00360021,0.0014347583,0.0016910955,-0.030061245,-0.01724635
0.0040244907,0.014645837,-0.008013949,0.023361206,0.006616015,0.001693882
0.0028619766,-0.013908312,0.018833756,-0.0043001436,0.022608668,-0.016039308
-0.009196555,-0.0075943023,-0.020204067,-0.0052762777,-0.006755367,-0.015880752
-0.0038616657,-0.018294081,0.006334603,0.010972053,-0.014706671,-0.026001468
0.005048543,0.017656438,0.014679939,0.00082431734,0.009183983,0.010615453
-0.015232572,-0.02042351,0.029743731,-0.0047466233,0.011520192,-0.012701526
-0.017967701,-0.023869783,0.003869027,-0.011214644,-0.017646044,-0.00040794164
0.0076013515,-0.0068404935,0.04327217,0.019813985,-0.023940125,-0.0034805015
-0.019566227,0.029169977,0.01274237,-0.0011183321,-0.009503946,6.504357e-05
0.0063013025,0.013431214,0.0071471184,-0.011866637,-0.020067692,0.025144003
0.007528156,-0.015473947,0.008523196,-0.01596661,-0.030148253,-0.011445155
0.013112828,-0.0071597993,0.004238203,0.0077308184,-0.015656892,-0.002188161
-0.00083050877,-0.009624466,0.008163559,-0.0012444854,-0.02069901,-0.034980487
-0.022539161,-0.008314855,-0.018332154,-0.009765645,-0.0037066936,-0.012558356
0.006672919,0.001968287,0.0146822035,-0.017342687,-0.00010959804,0.00056913495
-0.014482325,-0.023790862,-0.0014341176,-0.0009595305,-0.0033477843,0.01154238
-0.0057037175,-0.007305622,-0.022287242,0.0085110925,-0.012998417,-0.00788939
-0.004781723,0.003995508,0.0010885596,-0.0060736984,0.01256682,0.0100904405
-0.0029108375,0.010156609,0.0027470551,0.014161348,-0.008869067,0.008672655
-0.06987725,0.06440787,-0.015981816,0.01391381,-0.008925706,-0.0019654036
0.035295203,0.0020023733,0.004914619,-0.005130887,-0.008813508,0.011559844
0.0036453903,-0.015283911,-0.0032026712,-0.0074597746,0.01082205,-0.019957572
0.018515736,-0.028314654,0.018517047,-0.0038520545,0.022353694,-0.006671548
0.0144762695,0.0075509995,0.029832155,0.015997827,0.022001505,-0.0009945706
0.0022862777,0.0065743625,0.011528835,0.005723916,0.012703598,-0.0054474473
0.01208882,-0.02623561,-0.024238396,0.028590292,-0.0033744387,-7.066131e-05
-0.0019423701,0.0030373633,0.005655147,-0.0048014745,0.012291476,0.008580444
-0.010497257,0.0094753085,0.01262413,-0.00091797113,0.0023103356,0.0060650855
0.0077748448,0.023490742,0.003257663,0.017350921,0.014811441,0.025579214
0.016188622,-0.011105448,-0.002717778,0.019272491,-0.00025370717,0.021684878
-0.0036988985,-0.00056669116,-0.025256488,0.041748226,0.00065766275,0.013396606
-0.016566783,-0.0008498654,-0.011522964,-0.0029139053,-0.04082945,0.008565992
0.016171418,0.0054298267,0.0031146258,-0.00476202,0.0051133446,0.004583027
-0.02004002,0.010619447,-0.0010390542,-0.0037496835,-0.007781863,0.012145951
0.02042082,-0.002090104,-0.013779372,-0.0035359561,-0.01652734,0.011090033
0.004975073,-0.01706396,0.008874127,0.013308458,-0.003172055,0.015146807
0.0053103566,0.008245349,0.008503873,0.01792062,0.005438447,0.003273855
0.0065623224,-0.009013776,0.021917373,0.001227051,-0.0071942806,-0.040461943
-0.005739361,-0.027636662,-0.0024886625,0.013080031,0.025887782,-0.0020101368
0.021161593,-0.042496234,-0.020136192,0.023181051,-0.002312377,0.005019758
-0.0015838891,-0.010343894,-0.036563635,0.024976134,-0.012465879,0.0086274445
-0.020281069,0.00054185465,0.011839956,-0.004938215,0.012011025,0.006504923
0.0067393556,0.008077379,-0.0072624683,-0.007463172,-0.0046207383,-0.015294079
-0.0074691027,-0.0052259266,0.008729942,-0.006422284,0.0105033815,0.013539394
-0.012034595,-0.020720592,-0.0035641342,0.0016124845,-0.006140381,-0.0067863762
0.0070309937,-0.0032535791,0.013058722,0.011215955,-0.010296494,0.012378499
0.0063129067,0.006103486,0.008703291,0.0037276149,-0.010452509,0.019227147
0.017058112,-0.014739241,-0.07773456,0.0037601814,-0.014008194,0.019738678
0.0049114674,0.014641983,0.011527678,0.023137093,0.0017709583,-0.0064825118
0.02731184,-0.03940524,-0.0031994246,-0.01789786,-0.013911653,-0.008585036
-0.017363414,0.012076276,-0.0026634634,-0.0024125613,-0.008719042,-0.0043933988
0.003079597,0.015727177,0.0155670345,0.004243493,0.010520652,0.0065463483
-0.037316382,-0.0051050484,-0.025183573,-0.010174513,-0.003201604,0.015523791
0.0169667,0.012120515,0.0030591786,0.012779169,0.0033707377,0.0052031185
0.0012825727,-0.029958695,0.023284554,0.034319267,0.0015653223,0.002271995
-0.007944033,-0.028592974,-0.0130156875,-0.00045073032,0.0022779554,-0.026245743
0.011753045,-0.034187824,-0.002426222,-0.0067773825,-0.018932194,0.014263257
-0.008597575,0.00643228,0.00112167,-0.0013052076,0.0060387105,-0.0046050847
0.064059615,-0.019194476,-0.01750286,0.004270345,-0.018868715,-0.006415963
-0.020187855,-0.017679727,0.003273882,-0.0071444362,-0.032006487,-0.019310333
0.0031153113,-0.024923421,-0.0042744055,-0.004033163,-0.013777152,0.0061860085
-0.006016031,-0.009674162,0.009430768,0.0033458024,0.0021318644,-0.008555859
-0.006055165,0.013645738,0.0038349107,0.017908603,-0.0059137186,0.030848026
0.0064979284,-0.009484973,-0.017408732,-0.0037862211,0.01301118,-0.022816986
-0.009303547,0.005158566,-0.0043515265,0.013318509,-0.0029265136,0.010813791
0.026518367,-0.0051314533,0.018586308,-0.0052835904,-0.010520428,0.018500477
0.01204972,-0.005225111,0.01610607,-0.0022852048,0.00019023567,0.0015005618
-0.015121728,-0.007941622,-0.00073254015,-0.0003072382,-0.039293826,0.0055380883
-0.0058342516,-0.019826755,-0.0003257841,-0.0020028502,-0.021645784,0.008451432
0.004119508,-0.014352933,-0.0046420693,-0.0040092636,-0.0019681305,0.00039144047
0.0032660067,0.01477471,0.017023757,-0.0045751333,-0.014277346,0.009453587
-0.007295117,0.00653363,-0.0006557405,-0.003950298,-0.0051285475,0.0069642067
-0.017039597,-0.011415962,-0.0061558317,0.004512176,-0.01298295,-0.012201481
-0.009232566,0.00036118273,0.004392959,0.0072431564,-0.00953716,-0.014008664
-0.005177576,-0.03401175,-0.02541588,0.00513486,-0.0017762482,-0.013516083
-0.004143253,-0.01648188,0.009265199,0.0017600171,-0.007184159,-0.016413439
0.005954977,0.037862435,0.0008507371,0.024427295,-0.003784828,0.0017596483
0.004465975,0.023185313,0.008257382,0.008884005,0.0026567876,0.018138692
-0.0041642394,0.023040589,0.018067941,0.005738591,-0.00069367886,0.0130402595
0.0050689504,-0.013578579,-0.013655677,0.00701214,-0.02429783,-0.02288331
-0.0146611,-0.017485462,0.005707876,0.0001757592,-0.015299752,-0.013902083
0.00494346,0.0005223751,0.016538203,-0.0072834194,0.0074442774,-0.0180116
-0.00023765862,0.0034179147,-0.0050237477,-0.011123791,-0.0011497885,0.009915598
-0.039269567,-0.0022445116,0.02009666,-2.8945506e-06,-0.0023496002,0.008771494
0.004818056,0.019297116,0.0067141578,-0.0034751296,-0.005720511,0.0089175105
-0.008377403,0.0028727874,-0.00077570835,0.021678917,-0.010659059,0.0014264584
-0.00077164173,0.00488773,-0.008753719,0.0103505775,-0.0047502527,-0.00265041
-0.016156986,-0.020025104,-0.021754578,0.010623187,0.019716144,0.002636671
0.0017945282,0.0017950833,-0.012618259,0.0064262673,0.004601598,-0.017986212
-0.0030478314,-0.035385348,0.01094491,0.013907064,-0.002570346,-0.009173587
0.02302996,-0.019171715,0.017511271,-0.024474502,-0.020285502,-0.0017702878
-0.025392037,0.009223126,0.01184085,0.008293539,-0.018103108,0.0020382702
0.016529605,0.023846261,-0.005539298,0.010927387,-0.014468618,0.0046851337
-0.030455798,-0.020642936,-0.023681045,-0.01506418,-0.011386469,-0.010358781
0.03475368,0.020930082,-0.004166737,-0.014685363,-0.011610121,-0.004616849
0.01284153,-0.026630357,0.014380187,-4.8667192e-05,-0.0045597553,-0.0157246
-0.0062858462,0.021855459,0.0013761017,0.023990273,-0.0028948523,0.0029907674
-0.011790149,-0.01317919,0.016591579,0.009879854,0.0055030286,0.009110972
0.02385062,-0.024817036,0.005091697,-0.040938817,0.00013792515,-0.014582604
0.009291828,0.0022339448,0.0008070022,-0.0033367816,-0.0014831275,0.005863622
0.005237557,-0.00035893917,0.009240837,0.016230289,-0.0041955607,-0.004298568
-0.008096091,-0.015976293,-0.0014083683,-0.0045523494,-0.005125016,-0.00306499
0.0019013286,0.008550972,0.0031934902,0.011911582,-0.019313455,-0.0024301521
-0.0017664954,-0.012892,-0.024964772,-0.011639655,0.008493026,-0.0072173774
-0.007307738,0.011370122,-0.012062937,-0.00037957728,-0.014303535,-0.015772715
-0.009378593,-0.015898451,-0.0041434765,-0.035794348,0.007501766,-0.0088324845
-0.0025449991,-0.0028461143,-0.019658405,0.009590652,0.0115771,-0.002995519
-0.011522919,0.017316312,0.00907263,0.031261265,-0.016199715,0.010863006
-0.011255868,0.028362922,0.0015175045,0.014715187,-0.008785799,-0.01824116
-0.025089104,-0.005069092,-0.0151268095,0.029597417,-0.0003530383,0.016406894
-0.008924659,0.012209648,-0.0010683881,0.008128464,-0.0077819973,-0.001514418
0.000530079,0.0074076727,-0.020571321,-0.00399471,0.011769488,-0.016233802
0.016733125,-0.0236924,0.011329513,-0.02999802,-0.011819061,-0.008822814
-0.009140614,-0.00055138767,0.043148987,0.039779663,-0.02143965,0.0022340417
0.01697822,0.007276267,-0.008453071,0.013583183,-0.0015823748,0.013458163
0.014303375,0.0047074147,0.0023106784,-0.016096927,0.0059011877,-0.002200164
0.010145929,-0.015481442,-0.013553828,0.0038180351,-0.02578114,-0.011694081
-0.01614374,0.012184363,0.0028716773,0.005080521,0.01008907,0.0026831776
-0.005437702,-0.023175493,0.0047682747,0.021292597,0.01186496,0.010973185
0.05157625,0.00028092694,0.023713708,0.014000706,0.0024658367,0.008587271
0.0010133833,-0.001748532,0.007945627,0.0018681623,0.012042962,0.008980319
0.00962536,0.023997918,0.007708013,0.0386329,0.02092798,0.023408324
-0.0015735626,-0.03561028,-0.0030732425,0.0047691613,0.0035356618,-0.011206895
0.010526329,-0.00070025306,-0.026514158,0.0176453,-0.011369467,0.0028113574
-0.02873306,0.0030014776,-0.024314344,0.0075600147,-0.006960988,0.013340466
0.0077607334,-0.0061241984,0.010337636,-0.022049338,-0.016622216,-0.009079732
0.010849088,-0.016635895,-0.0052304715,-0.008179754,-0.023523435,-0.017567731
-0.005482137,-0.018841295,0.0066800565,0.0032023638,-0.008165978,-0.034550536
0.002778992,0.009547807,0.0036773048,0.015481174,-0.004990749,-0.017146287
0.0024531633,-0.00555826,0.00083277,-0.0015212372,-0.016919196,0.008897491
-0.021214813,-0.015159056,-0.015169799,0.006342128,-0.014585048,-0.0037942603
-0.002727002,-0.01647532,0.020956568,0.024147552,0.013719171,0.005339697
-0.025599971,-0.009035021,-0.012577746,0.014810815,0.0078117847,-0.0021560565
-0.009275831,0.0087607205,-0.008478157,-0.0008391738,-0.0086824745,0.012506098
-0.0052495897,-0.00027556717,0.00400568,0.033058457,0.002012767,-0.006897241
0.0026100874,-0.010792911,0.0034691542,-0.0049080215,0.007998593,0.010650091
-0.0171621,0.020948172,0.019330451,0.0068140356,0.0051852465,0.0006471276
-0.011062894,0.00079905987,0.008426942,-0.004442971,0.008265674,0.014050335
0.0073602796,-0.0045036376,-0.0012518596,-0.0066609234,0.00019091368,-0.0025342926
0.021959808,-0.016886778,0.007295519,-0.0022770762,0.00020122528,-0.0137170255
-0.009730682,-0.008777961,0.013457909,0.005417091,-0.007344261,-0.011239946
-0.019874215,-0.0042021573,-0.0041844323,0.004217401,-0.009646645,0.0108061135
0.004194677,-0.016092122,0.017882142,0.019326687,-0.017429337,0.0073811784
-0.001192674,0.011099309,0.018948361,0.0070670247,0.005845476,0.022340097
-0.0067506544,0.003445387,-0.012658261,-0.01327043,-0.01727651,0.018582724
-0.0009111613,-0.019902706,0.018000886,0.009570122,0.003099203,-0.015543509
-0.011684716,0.0059961304,0.005668193,0.0056767464,-0.020473875,-0.018353475
-0.0029960726,-0.012991458,0.00998421,0.00026467443,-0.023448274,-0.012632191
-0.026961148,-0.025472745,-0.011982857,-0.004113555,0.009071544,-0.02140005
-0.00023138523,-0.0046781898,-0.0013011247,-0.011309326,-0.023791611,-0.0027914606
0.017774744,-0.0003877282,0.019768417,-0.007079591,0.013102464,-0.0024119373
-0.016450256,-0.003940791,0.016281908,-0.006082058,-0.016636021,-0.007698454
0.01758273,0.018354446,0.024991125,0.007799886,-0.008069545,0.022861928
0.0064472426,-0.022085115,0.0044152588,0.017178386,-0.010274604,0.0031518042
-0.018548438,-0.026850834,-0.0050304085,-0.021004766,0.0032778531,-0.01003769
-0.011946999,-0.022663265,0.040187545,-0.018658623,-0.0030274093,-0.016376331
0.0060708094,-0.026524305,0.010529913,-0.022670582,0.007062763,-0.023131154
0.017181948,-0.027930215,0.006639287,-0.015979677,-0.0076159053,-0.025196254
0.0028847465,-0.01945687,-0.02051711,-0.001984395,-0.0006708205,-0.0028759837
-0.017453283,0.012600198,-0.010850355,0.016366728,-0.0132113695,-0.010680288
-0.031105772,-0.023963429,-0.007532239,0.009277386,-0.012811422,-0.007464707
-0.0029974505,-0.0047945105,0.011288226,0.015389115,-0.006683933,-0.0011491477
-0.021777239,0.031855512,-0.01840087,-0.005362384,-0.007844277,-0.0014495254
-0.007272927,0.012712508,0.005269617,0.006219454,-0.017093822,-0.005408339
-0.018404208,-0.006382525,-0.003224969,0.001721397,-0.018903444,0.007487297
0.0048504323,0.0035263598,0.0007587597,0.0045595774,-0.004467398,-0.010897547
0.008765399,0.0012245253,0.014311671,0.0128268,0.011402588,0.0057242736
1.8641353e-05,-0.0023743212,-0.0058725923,-0.000551939,0.008670844,-0.01936818
-0.012901463,-0.0156136975,-0.0069692433,0.008396402,-0.0006466005,0.009181932
-0.0058297366,0.010078579,-0.009589598,-0.0021513514,-0.03524202,-0.0059122555
0.0071577877,-0.0026777647,-0.0025979802,-0.0056563765,-0.00038686395,-0.0064059496
-0.013504088,-0.011011332,0.009827912,0.001292184,0.010194559,0.0036988482
-0.0033310056,0.0033875257,-0.0003632754,0.0100245625,-0.0033657337,0.013687074
0.009695042,-0.016287446,0.025835365,-0.013704196,-0.008713968,0.001712881
-0.019260101,0.010926515,0.010913454,0.033705436,-0.015131374,-0.004632443
0.01913628,-0.013997212,0.014777996,0.014663581,-0.0007689893,-0.009387225
0.019105166,0.015351638,0.029050082,0.008445233,-0.009873331,0.009604886
0.026587054,-0.0072895885,0.021178618,0.013766557,0.0032061636,-0.011951871
-0.013230197,-0.024598569,0.029785834,-0.0024034977,0.019540831,0.013017204
0.019194208,0.0002374202,0.022172749,-0.0049399063,-0.0060721636,0.010885008
0.014327429,-0.0049060285,0.018265072,0.004886713,-0.01088877,0.00022596121
-0.0028725043,-0.009064741,0.005034387,-0.009191841,-0.020143474,-0.0077884495
0.0065510795,-0.015377168,-0.010668993,-0.023295999,-0.007064514,0.021185905
0.015040865,-0.012202747,0.0030962154,0.0037093759,-0.0077633667,0.017127827
-0.00882408,0.026206642,0.012116805,0.01852554,-0.031525746,0.0041621923
0.004031375,0.009355068,0.030944943,0.0028250255,0.0100287795,-0.01611875
0.01482141,0.006454937,0.012989476,0.0043516383,-0.0027303994,-0.012343477
0.020388773,-0.035069354,0.00027459115,-0.017814636,-0.0031245202,0.0050290152
-0.0006980449,-0.009235643,-0.009128694,-0.014787428,-0.01803973,0.027404752
-0.004376952,0.014869448,0.014300182,0.002072543,0.00012596324,-0.023485515
0.003725158,-0.0041035116,-0.019227713,-0.0029373616,-0.018440813,-0.004869014
0.028261065,0.00453908,0.018152162,0.019350305,0.0050171763,-0.013091458
0.0059580877,0.008749381,0.014657222,0.0098344525,-0.0062694103,-0.0011255333
-0.028832823,-0.010333024,-0.0067661107,-0.011230737,-0.022471115,0.008986503
-0.024493456,0.013666334,-0.018929541,0.019302964,-0.020261005,0.0029245615
-0.00030141324,0.004607517,0.013745606,0.016195297,-0.0044984925,0.008373544
-0.03001988,-0.015379101,-0.00570184,-0.006420821,-0.025908083,-0.010391355
0.016969778,-0.04869256,-0.0035080612,-0.004098743,0.0029284358,-0.0037156045
0.021563072,-0.004920084,0.008891337,-0.0003567282,0.013669314,0.011156261
0.019842938,-0.012744643,0.01608093,-0.010085821,-0.011200815,0.011730377
-0.020460472,0.002690345,-0.014632016,0.021754116,-0.028791495,-0.14654616
0.01887311,-0.012116604,0.0044541955,-0.0034681037,-0.0029257834,0.003456384
0.014636807,-0.012910582,0.0063037165,-0.010198943,-0.009278689,-0.013419569
0.014547929,-0.0046794564,0.010060489,-0.025274158,-0.002694577,0.011619188
-0.026048258,-0.013493367,-0.006367564,-0.012586713,0.00018283352,0.00062231906
0.0064745247,-0.045348965,0.003425032,0.0036465377,-0.021659449,0.00435777
-0.0126958275,0.017218195,-0.005083859,0.018186554,-0.016597956,-0.011253938
-0.000558421,0.0031439252,-0.012298189,-0.004434794,-0.017999861,-0.017766476
0.0057062283,-0.0051769316,0.007968744,0.008080393,-0.010568172,-0.0032109916
-0.0047729835,-0.0010622293,-0.003267236,-0.019603059,-0.0017065853,-0.00068950653
-0.013236821,0.008587256,0.006401941,0.006957859,-0.02639737,0.002719164
0.008623436,-0.022590876,-0.0007516891,0.015609011,0.00401525,0.00542955
-0.02581957,0.0026955232,0.018004313,0.011885241,-0.035438925,0.002561152
-0.0009672195,-0.009501278,-0.0074613467,0.00960204,0.00051899254,0.0023992956
-0.012860119,-0.021295106,-0.012379549,-0.0021750033,-0.024176747,-0.0076584965
-0.003268998,-0.020021945,-0.016121507,0.008952215,-0.0132557005,-0.011712819
-0.0074592233,-0.004390478,0.002713263,-0.0050276406,-0.024765655,0.020548165
-0.00046619773,-0.019275147,0.015606091,-0.004581563,-0.009774715,-0.006609589
-0.008381873,-0.029088885,0.0009793043,-0.0042699315,-0.0010921583,0.0019582734
0.007406177,-0.023449987,0.0012537353,-0.011327207,0.005700998,-0.0076301396
-0.0134702325,-0.0006953925,0.006850332,-0.01746066,-0.009024352,-0.019896865
-0.0063138455,0.0034603402,0.00023578107,-0.012288533,-0.0029536411,-0.0199766
-0.0064873844,0.0007529259,-0.013259947,0.013735903,-0.01844576,-0.005930558
-0.02927695,-0.035254925,0.0054059178,-0.021554768,0.006762307,0.00582888
0.0141816735,0.010110132,0.019489288,0.012668207,0.016047403,0.014710963
-0.0151895955,-0.012538321,0.013114035,-0.007471867,-0.00087774545,0.0015319437
0.030913852,-0.006249219,-0.0016088188,-0.0054982007,-0.01105091,-0.012270033
-0.0015152097,-0.008987427,-0.019319788,0.0022090971,-0.01935488,0.005645618
-0.012457535,-0.04617645,-0.0040083393,-0.018882185,-0.02943407,-0.031348556
-0.020322107,0.022448182,0.0034223646,0.020181626,-0.01675956,0.013067715
-0.0028280467,-0.0025802478,-0.009536937,-0.0035167485,-0.0040375367,-0.0052531958
0.0030305088,-0.011762485,0.009350941,0.00055394135,0.00923785,-0.00453791
-0.008386791,-0.03790322,-0.025656164,-0.021355271,-0.005809501,0.0039307605
0.0073526055,0.026775897,0.021566339,-0.009067483,-0.028980717,-0.014841855
-0.014220282,-0.015931591,0.0067010373,-0.023860633,-0.019093648,-0.00914751
0.012445733,-0.028287806,-0.0057498515,-0.012373462,0.00022603571,0.007752605
-0.016960591,-0.0043781996,-0.011497691,0.021517873,-0.021573454,0.004663229
0.014957294,-0.012979288,-0.030113054,-0.00837785,-0.003724426,0.0077042785
-0.022388503,-0.0008485466,-0.0019328445,-0.007883668,-0.01631929,0.021077722
-0.009254398,-0.015801206,0.0030460656,-0.0074609555,0.00021689385,0.0036668405
-0.007901989,-0.016969547,-0.01172176,0.00050896406,0.0012590848,-0.0012808964
0.0089030415,0.016279861,-0.01658024,-0.0017890409,-0.00900151,-0.021194693
0.0019088686,0.010041624,0.0013959408,-0.011607549,-0.014114618,0.024354987
0.003278479,-0.029211167,0.0011958033,-0.003766328,0.0030275844,0.0016636252
-0.015745312,-0.019782618,-0.014855474,-0.0007287413,-0.0147624165,-0.002636969
-0.014836438,0.008292213,-0.009346217,0.0040228814,-0.0013340935,-0.0069744587
0.023792565,-0.0017035306,-0.024059718,-0.0217762,0.0077772583,-0.018892363
0.0056027174,-0.01086241,0.020133719,0.012284052,0.0036888123,-0.017494567
-0.013097756,-0.008018039,0.009492248,0.015199378,-0.0055410564,-0.0035712793
0.0018598586,-0.0024116188,-0.0008472558,0.014034323,-0.015150391,0.00094342977
-0.0113487765,-0.0044364333,0.013747767,-0.011228889,0.0046482235,-0.009576362
-0.002396822,-0.014814138,0.006489129,0.022642806,-0.0005515255,0.0037895031
-0.019870207,-0.011864364,-0.012000531,0.024612326,-0.013018742,-0.020669103
-0.018201865,-0.0067656636,-0.010380596,0.0072724223,0.0066858903,0.004246425
-0.0036438406,-0.009791046,0.0045054257,-0.011049166,0.011493519,0.0028701127
0.009520739,-0.010205567,-0.017643452,-0.007071689,0.0022844076,0.01558993
0.010423511,0.012859423,0.011444271,0.009879306,0.0006463602,-0.009052604
-0.005461484,-0.00312984,-0.024128824,0.007043965,-0.02587986,-0.007430762
0.015256323,0.005915448,0.019560799,-0.0021106973,-0.011925161,-0.007016263
-0.011198685,-0.0132699255,0.02729559,-0.002732806,0.024057582,-0.014234312
-0.006896265,0.028768659,-0.0043618795,0.025714606,0.0013523623,0.015727535
-0.014981091,0.0019441545,0.0027827248,0.013826996,0.014756009,-0.0054742843
0.020375818,-0.022203252,0.009127688,0.013068795,-0.03453906,-0.007651672
0.024160638,-0.008101575,0.006213799,0.0019572526,-0.011113645,0.013430111
0.00013266504,0.012421101,0.00035558548,0.025074955,0.004160598,0.014049083
-0.0130367875,0.02446498,-0.015083548,-0.0081041455,-0.007629201,0.010064006
-0.018598944,-0.0052269883,0.005766809,-0.017979154,0.004298374,-0.00035746396
-0.0033396706,0.0066161975,0.010523561,-0.005838342,0.010907292,0.00282567
-0.020261366,0.009743094,0.010857269,0.0005044788,0.0012126961,-0.0026635528
0.0115188435,-0.0076155365,-0.012710631,0.00794667,0.00346715,-0.0015205145
0.0026722476,-0.037733883,-0.0129418075,-0.0223023,-0.018593684,-0.017098129
0.020082414,0.015867114,0.0095753595,-0.0043294355,-0.00058212876,0.0012832507
0.011177696,-0.012202084,-6.5498054e-05,0.012453199,-0.0006761998,0.012229815
-0.0048499927,0.021738797,-0.007588893,0.012827367,0.0072028115,0.015836716
-0.0072913766,0.015774965,0.022494704,0.004732184,-0.002800092,-0.007975936
-0.011472508,-0.010902397,-0.008012213,0.0034304261,-0.0008282885,-0.008716226
0.010571688,0.0004916936,0.008594766,-0.0075766975,-0.0049057305,0.013956068
0.0035367608,0.0046844482,-0.013866127,0.016803477,0.0074560493,0.008649081
0.014604822,-0.007448092,0.0078238845,0.0257399,-0.007891133,-0.0048418045
-0.013131455,0.002892226,0.013822831,-0.015008576,-0.023398161,0.00058745965
-0.007400211,-0.010710763,0.006613262,0.003261514,-0.009523511,-0.0084110275
-0.021903336,-0.019382328,0.026495352,0.01665157,0.01271683,-0.0050955266
0.021963254,-0.023566484,0.024351418,-0.010503501,-0.0029537603,-0.0074367374
-0.021803617,-0.018512443,-0.009824663,0.0046187635,0.00020295382,-0.021292126
0.020722784,-0.010008156,0.015026599,0.0006039329,0.011936754,0.010967443
-0.0039084405,0.009198844,0.019141078,0.014007971,-0.007351376,0.010276616
-0.0073888265,0.013610229,0.010402847,-0.010041494,0.016914293,0.0062573683
-0.01473069,0.017513122,-0.018092409,-0.00301449,-0.014079899,-0.012470345
0.01353398,0.0071052164,0.0059946007,0.0073208325,0.019766957,0.0005181059
-0.033095688,-0.01873076,0.009412337,0.011297703,-0.01977536,0.01300057
-0.0103792995,0.0019281507,-0.0034945086,0.0055712014,-0.010390155,-0.016814023
-0.013702534,-0.008664787,0.009774089,0.01968214,0.019055203,0.0057834983
-0.0062072948,-0.018572666,0.007576555,-0.024910212,-0.015905142,-0.012757584
0.010276496,-0.006695017,0.022513948,-0.03203839,0.005548477,0.0078314245
0.015410721,-0.029829592,-0.020752242,-0.02328524,0.004532635,-0.033177808
-0.0007169843,-0.0093827825,-0.002561856,0.005787462,-0.0016044229,-0.013013601
0.005524745,-0.0038321875,0.015714403,-0.028851502,0.012017377,0.00838016
-0.020775788,-0.025917836,-0.012620904,-0.003082931,-0.014901042,0.0026355088
0.011464477,-0.014530629,0.01812701,-0.0058370903,0.00042991713,-0.0062879473
-0.015955776,-0.015251644,-0.019474775,-0.015483784,-0.0008930415,-0.0014607832
8.5771084e-05,0.027159963,-0.005533308,-0.0019007623,-0.012864381,0.003413096
-4.2155385e-05,-0.008048236,0.02114144,-0.014306225,0.0013637319,0.005352527
0.037231296,-0.02134049,-0.024695158,0.021151394,0.0115559,0.0025482313
-0.013618007,-0.016192228,0.029968873,-0.0038239807,0.0067673773,0.012134038
-0.0025238022,0.009099223,-0.014863417,-0.01872617,-0.012002125,-0.0118508935
-0.0017174184,0.011281945,0.0024815574,-0.007435426,-0.004008651,-0.0030729175
-0.0032149851,-0.021067627,0.015695207,0.0005634017,-0.001989901,-0.009454206
-0.001298219,-0.007760657,-0.00533846,0.0010505021,-0.00017719157,-0.0044061244
-0.002290668,0.012815051,0.0054562986,0.0062173014,-0.015832856,-0.0107329935
-0.027289521,0.0049731196,-0.004564494,-0.003950432,-0.0035351217,-0.0041074157
0.021881817,0.016221866,-0.0020575374,0.009804645,0.01175132,-0.007010326
0.0027733743,-0.0025281608,0.020704284,-0.0060514063,-0.0014579855,-0.007968947
0.013034351,0.0021660328,0.017722018,-0.0032891147,0.0068837777,0.011061162
-0.002422899,-0.00030117482,0.00175713,0.00092541426,-0.009801157,-0.018709943
-0.0074163377,-0.008813888,-0.002989158,-0.028217778,-0.021887284,-0.011600167
-0.007877551,-0.0054573864,-0.01991583,0.009805381,-0.01233127,0.0013814308
-0.022183597,0.0056947023,-0.005084038,-0.0094134305,-0.004083514,0.004151359
-0.023797475,0.011715174,-0.0028253198,0.0030526891,-0.021318391,0.0035077333
-0.012187231,-0.0029501244,0.00451234,-0.010103822,-0.0017973334,-0.0005891137
-0.006001368,-0.0071840286,-0.0068331957,0.0059273243,0.007397704,0.024515286
0.005914986,-0.0016666055,0.0037188306,0.0025927275,0.013337165,-0.007381648
0.001825124,-0.008313119,-0.028732896,0.00092010014,-0.012563914,-0.0038877055
0.0047260644,-0.026672937,0.016444705,0.0033805817,-7.8722835e-05,-0.008223236
-0.020465106,-0.0075658914,0.0021953285,-0.0045625567,-0.009862535,-0.0031281263
0.029908806,-0.0060830256,0.009885028,-0.0051539093,0.025634274,0.003807187
-0.017665982,0.0022209287,0.015623271,-0.018201292,-0.035511494,0.014067665
-0.0017152131,-0.008798271,0.0018772781,-0.0113977045,-0.015449315,-0.020695373
-0.016623154,-0.0006750673,0.0015870929,0.019055374,-0.022153601,-0.010183051
-0.031371027,-0.015141144,-0.029925741,0.012345403,-0.012074709,0.01573867
0.0027040467,-0.033480376,-0.017628696,0.01425053,0.017010763,0.007066861
-0.007296089,-0.018072303,-0.021094918,-0.022902846,-0.0026344955,-0.026893876
0.019514076,0.020216122,-0.014602233,0.00023493916,-0.006735783,0.010469317
0.026432518,0.0029995292,0.004161872,-0.010920823,-0.011592052,-0.031206952
-0.004199326,-0.008579297,0.004481174,0.0015355907,-0.01213786,-0.006298432
0.0104573,-0.009943217,0.012677984,0.009971388,-0.016217038,-0.003647089
0.003899619,-0.00750947,-0.0016409457,0.008622505,0.0037196986,-0.01620707
-0.015406735,-0.014478102,-0.013014138,-0.003229767,-0.010687754,0.0013737902
-0.0155008435,0.012555167,-0.019016594,0.0067334324,-0.018435761,-0.0057302266
-0.006962009,0.01437965,-0.012706131,0.0010950789,0.018734619,0.014526248
0.0057810396,-0.013503283,-0.02239579,-0.015779182,-0.0016783774,0.015680216
-0.005040787,-0.025063518,-0.009860802,0.0012474507,0.014267072,0.0012221858
-0.017012022,-0.012632221,0.0006651096,0.0050621927,-0.010450423,-0.0034676604
0.013229892,0.013818622,-0.015428531,-0.0020307004,0.006047246,0.012135152
-0.028760701,-0.017375411,0.0044612885,-0.0080105215,-0.0054491013,-0.00013367832
-0.019468661,-0.0145568475,0.0097875,0.018708253,-0.0004066229,0.00034532323
0.0036778161,-0.004446164,0.0070552677,0.0053908527,-0.0045967773,0.0067624897
0.0058445185,-0.02746424,0.00910449,0.008110456,0.0010247799,-0.0022783577
0.0145248175,0.014948189,0.0013831854,0.00816713,0.028512388,0.0056712776
-0.0163389,-0.0029440233,0.08432582,-0.020572852,-0.027088687,0.011434916
2.4810433e-05,-0.013885699,-0.008054495,0.01101248,-0.015210457,-0.0048306957
0.009943959,-0.014268279,0.011920884,0.006297596,-0.014505953,0.005883485
0.0008138418,0.01677604,-0.0085351765,0.026082259,-0.008721324,0.02766553
0.008083332,0.005061209,0.01010935,-0.012497945,0.008037016,-0.0013977662
0.015837878,0.0016801059,0.016581014,0.014465556,-0.0019463152,0.0033640787
-0.022293977,-0.012278989,-0.0004701391,0.0007720422,-0.0060906764,0.0039553493
0.0047363266,0.0060910825,-0.0055291057,-0.004073739,-0.0043825395,0.014877647
-0.017868146,0.0023629814,0.012192253,0.0007551387,-0.010697022,-0.010689065
0.0027080476,-0.025948562,0.0043070605,-0.0021605417,-0.0022511482,0.006544888
0.023139248,-0.00095550716,0.004109832,0.012550473,-0.021446945,-0.033679515
-0.0064243376,0.004900858,0.015491545,-0.009317465,-0.0073222443,2.0619482e-06
-0.021985836,-0.013672881,0.0075406246,0.005089283,-0.019000351,0.007680364
-0.0057043433,0.00832887,0.0026761815,0.0054629445,0.016064025,-0.0011619925
0.019780628,-0.016955156,0.0011440814,0.0062592924,-0.013862714,-0.0054617375
0.01664288,-0.02149038,0.030361727,0.006138742,-0.008293599,-0.0022785962
-0.0045663863,0.0075995624,-0.026366286,0.014336497,0.00414069,-0.0012667477
0.048329383,-0.0013679974,-0.023748875,-0.008120909,-0.010599703,-0.015999429
0.010363549,-0.022017762,0.008096363,0.015497811,0.0015188716,-0.0022468418
0.017426629,-0.00049227476,0.019944824,0.015917048,0.012757555,0.0066375136
0.014067496,-0.012490325,0.010593951,0.0060895383,0.004664261,-0.01741489
0.006572794,0.005805731,0.0137027055,0.0008588985,0.005015157,-0.004076451
-0.0026501445,-0.013204932,-0.0112810265,-0.027144935,-0.0037163347,0.0030510277
-0.012378246,0.0009097457,-0.004032865,-0.015701147,-0.00917986,0.0012155473
0.015357748,0.0051692612,0.012417182,0.0038717156,-0.005245179,-0.008408815
-0.006233737,0.0045994595,0.0011699945,0.0095644,0.010218069,0.0020080581
0.023012355,-0.012888031,0.016794771,0.010856405,0.0070646405,-0.0016323663
0.0255583,-0.011678927,0.010610372,0.00018272549,0.00050345063,0.0034971368
0.023326486,0.007798642,0.0018352866,-0.0024553575,0.019803092,-0.0031139106
0.022436768,-0.037025824,0.04112862,-0.011975676,0.0047805756,0.012356788
0.0023534298,-0.003880322,-0.009588182,-0.0006939098,-0.01671116,-0.004091263
0.012448087,0.0016278923,0.0044100285,0.0002668798,0.0024304986,-0.008327141
-0.013620228,-0.026855096,0.0009356439,-0.0048592305,0.010031957,-0.0069579035
-0.038771845,-0.013906509,-0.01387959,-0.019959569,-0.005520731,-0.0123309195
-0.0200672,0.011407018,0.015966497,0.02716744,-0.02007386,0.011062592
0.0035795271,-0.0047503337,-0.009810567,0.0003657639,0.0005735755,0.001076322
0.012958758,-0.015583724,0.013943851,-0.025772497,-0.0051153004,-0.010015607
0.03763255,-0.011235945,0.001036616,0.0029766858,0.011712968,-0.00547947
0.0071949214,0.0089125205,0.020118892,0.017937094,-0.0010283589,0.0037881508
-0.011665165,-0.029626954,-0.009738684,0.009704403,-0.03156832,-0.0025914777
-0.0016075224,-0.0018353425,-0.0025304994,0.010032408,-0.008593805,0.010819212
-0.0146316495,0.01735282,-0.008388091,0.013029456,0.0019707456,-0.0019206256
-0.016904294,-0.026320383,0.0064508803,-0.0044001043,0.0021336526,-0.013764555
0.0026654452,0.018986352,0.0026110187,0.015607864,0.01398883,-0.014616381
-0.008524962,-0.015087426,0.011150587,-0.01894191,-0.0067276657,-0.0074801445
0.012852341,0.030944096,-0.011259586,-0.014933243,0.0030843914,0.006137319
0.001588583,-0.017965063,0.030170448,-0.012793712,0.022153184,-0.0011414634
-0.00046010315,-0.0149622075,0.007132955,0.0034999624,-0.0014147162,-0.0035288818
0.024516732,-0.013436422,-0.0009908453,0.010076575,-0.016796157,0.018552274
0.0020130575,0.010482416,0.004799038,0.012854308,0.0025032703,0.01979597
0.014599487,-0.005159363,0.02228114,0.017024338,0.02116208,0.022772118
0.016725183,-0.018723933,0.0053646266,0.012558669,0.010744333,0.0030004978
-0.015003592,0.008545712,-0.01211679,0.02589634,-0.006838724,-0.016620733
-0.03809142,-0.0068312883,0.0034164786,-0.0009892434,-0.003134817,0.0007725805
-0.0124604665,-0.016812772,0.003049165,0.004749015,0.002743164,-7.289462e-05
0.023611953,-0.0009855032,0.0010817498,0.005503744,8.314103e-05,0.00422097
0.0027279556,-0.012581728,0.021835566,0.008844018,0.0022289157,-0.010476768
-0.0018914789,-0.0016518086,0.0027587265,-0.008848064,-0.016522817,0.01483953
-0.01581189,-0.0053609163,-0.0367074,0.00068339705,0.038405597,0.010008737
0.007908836,-0.009605408,-0.00050239265,0.022211961,-0.01180486,0.0061299205
-0.028620124,0.0049466044,-0.020099282,0.00032020733,-0.006659949,0.015163705
0.0094254315,0.011088654,-0.0041920245,-0.012269378,-0.031934142,-0.0031533614
-0.00026238803,-0.0085648,0.017243788,0.010007367,0.010528699,0.016514406
-0.006087452,-0.032603994,-0.009780545,-0.020711154,-0.009574175,-0.010351598
0.0123215765,0.030206047,-0.02419746,-0.007353008,-0.011913121,-0.0068240166
-0.0052122474,0.006687807,0.011646877,-0.0037794411,0.0030060709,0.0074949563
-0.00027776323,-0.017908812,-0.0025474802,0.015489638,0.0055011064,-0.003262274
-0.00045904517,0.0018158108,0.006176941,0.013394356,-0.00036925077,-0.0013180077
-0.010345697,-0.01418824,-0.0008215904,-0.0045646653,0.005270317,0.0007247403
-0.0034015258,0.02586681,0.009539202,0.007782586,-0.0059784353,-0.014290065
0.01760523,0.00108549,0.010947898,-0.015430348,-0.007527277,0.017950565
0.02449847,0.0058840774,-0.013959851,-0.004145682,0.007724205,-0.007913604
0.009497628,0.006002009,0.01128263,-0.0030555576,-0.015289204,-0.00892666
0.013286382,-0.027503025,0.023176312,-0.009158127,-0.0108753145,0.021536395
-0.011212148,0.018551826,-0.016824868,0.005578652,0.0031504147,-0.016327977
0.0003281869,0.01293923,-0.008706152,0.0054078004,0.017760113,-0.00920945
-0.008327566,0.005969286,0.009884208,0.0033413917,-0.022926673,-0.027285568
-0.0034987032,-0.011083692,-0.017782398,-0.003344737,-0.00038649142,-0.0011098832
0.014165014,-0.020016916,0.021735549,-0.0020815283,-0.00432837,-0.025342256
0.07942161,0.0051088855,0.03692463,-0.03700374,0.09489584,-0.022470687
-0.009019952,-0.016726047,0.022925347,-0.0073713213,0.00033076108,0.013193868
-0.012270451,0.003413111,0.0049219206,0.01796253,-0.002453208,-0.0071449727
0.0139580965,0.023181766,0.032220274,0.003740728,0.0074609816,0.011547595
-0.011944234,-0.009076953,0.03746876,0.0042967573,-0.02406533,0.0047296025
-0.030551642,-0.015413396,0.0029649101,0.012203604,0.013253525,-0.020681396
-0.010924,-0.0044830292,0.0015671179,-0.010980941,-0.008429304,-0.008984711
0.0047594756,-0.011247203,0.00051270425,-0.026346907,-0.005687818,-0.001309663
-0.015257843,0.009653062,-0.003800705,-0.008165389,0.005504288,0.003126055
-0.004202768,0.023601621,-0.020906672,0.038654037,-0.0017484426,0.011526197
0.0045032613,-0.006837204,0.02636838,0.0035266057,0.013121963,0.0043274164
0.0028524697,-0.023460224,0.0071503595,-0.008268021,-0.0059029683,-0.012479067
0.0040379763,-0.01322484,-0.006223649,-0.027013563,-0.011822939,0.016340733
0.02250567,-0.019066915,0.013858855,0.007391073,-0.008454829,-0.013644367
-0.020070307,0.0139593035,-0.012541544,0.015221991,-0.019194275,0.004876375
0.007701028,-0.025295451,0.015028924,-0.0071561486,-0.013547666,-0.020902634
-0.010411987,-0.001255367,0.011644168,0.027499046,-0.006157122,0.024336651
0.001540171,0.003106311,0.0035214424,-0.000685215,-0.009185877,-0.009323195
-0.022948831,0.013371453,0.015359521,0.009768851,-0.011987537,-0.018277094
0.002701342,-0.016309544,0.0067314925,-0.0074488968,0.0011761449,-0.02000551
-0.017123315,-0.0004608631,-0.007951414,-0.03207913,0.011014672,-0.027296603
-0.010240316,-0.008439593,-0.004081629,0.013504349,-0.010991693,-0.013926983
-0.02500996,0.0021814555,0.0032835528,-0.0021227822,-0.014692806,-0.0017235801
-0.0065099,-0.006406639,0.0017867237,0.003827352,-0.0045705587,-0.009373717
-0.014092989,0.0067940056,0.016333677,0.018079516,0.0047099143,-0.0012507141
0.029457038,0.0031641712,-0.015778042,0.01195086,-0.007928804,-0.00584884
-0.0056634303,-0.005420834,-0.007192634,0.0016741231,-0.004796967,0.012929458
0.008578792,-0.024009235,0.0032536834,0.0017426535,-0.01567047,0.005920708
-0.008574655,-0.020162389,0.0043409094,0.01467137,-0.0055386163,-0.02734799
0.004858818,-0.0069295317,0.013848528,-0.0040881634,0.008249998,-0.022896847
-0.008430451,-0.008801229,-0.03430368,-0.005674485,-0.019490749,-0.0037366524
