102.39937499999999,86.448375,96.83737500000001,108.338625,107.39699999999999,95.67075000000001,100.471125,93.486,0.28,0.225,0.26,0.3,0.295,0.255,0.275,0.25,
105.355125,90.876375,106.49625,114.030375,105.18712500000001,98.99062500000001,94.7895,114.787875,0.29,0.24,0.29,0.32,0.29,0.27,0.255,0.32,
100.72649999999999,93.52575,113.134875,110.946,99.67387500000001,105.456,83.14425000000001,83.22187500000001,0.27,0.25,0.315,0.305,0.27,0.29,0.215,0.215,
115.72987499999999,89.208,97.5315,90.87374999999999,95.896875,93.25537499999999,108.504375,96.11850000000001,0.32,0.235,0.265,0.24,0.26,0.25,0.3,0.26,
112.34025,86.057625,99.50399999999999,96.3225,95.92500000000001,93.16162499999999,107.77537500000001,108.61125,0.31,0.225,0.265,0.26,0.255,0.25,0.3,0.3,
98.61224999999999,113.866875,90.281625,109.47900000000001,81.94349999999999,104.765625,96.981375,81.40275000000001,0.265,0.32,0.24,0.3,0.21,0.285,0.26,0.21,
100.11637499999999,104.806875,102.331875,106.98187499999999,103.97025000000001,87.471375,81.715125,89.01299999999999,0.275,0.29,0.28,0.295,0.285,0.225,0.21,0.235,
112.137375,104.698125,90.14137500000001,92.58525,79.437,101.1195,100.006125,101.49600000000001,0.31,0.29,0.24,0.245,0.205,0.275,0.27,0.275,
99.59700000000001,96.782625,93.853125,86.947875,106.07737499999999,87.4095,92.25637499999999,97.13024999999999,0.27,0.26,0.25,0.23,0.29,0.23,0.245,0.265,
84.675375,96.02549999999998,88.732125,104.300625,100.70475,105.22762499999999,93.8565,91.41375,0.22,0.255,0.235,0.285,0.275,0.29,0.25,0.245,
97.815375,111.95774999999999,105.36187500000001,109.849875,98.365125,86.845125,99.703875,108.43950000000001,0.265,0.31,0.29,0.305,0.265,0.225,0.27,0.3,
91.02300000000001,98.78849999999998,95.403375,104.05612500000001,97.61287499999999,91.535625,92.48512500000001,119.62125,0.24,0.265,0.255,0.285,0.265,0.24,0.245,0.34,
102.546,87.868125,97.77187500000001,102.277875,99.21975000000002,87.76275,91.86524999999999,107.141625,0.28,0.23,0.265,0.28,0.27,0.23,0.245,0.295,
115.58737500000001,107.815875,101.4555,104.721375,96.52499999999999,109.835625,103.78387500000001,123.99600000000001,0.325,0.295,0.275,0.29,0.26,0.3,0.285,0.355,
105.310125,129.026625,121.936125,107.740125,104.91,98.64000000000001,91.36425000000001,99.87787500000002,0.29,0.37,0.345,0.3,0.285,0.27,0.245,0.27,
110.05875000000002,91.71749999999999,100.96612499999999,91.455,90.25425,112.40512500000001,81.82462500000001,108.38475,0.305,0.245,0.275,0.245,0.24,0.31,0.21,0.3,
82.05824999999999,97.427625,96.945,103.36125,108.77325,102.149625,103.629,106.539375,0.21,0.265,0.26,0.285,0.3,0.28,0.285,0.295,
109.0905,110.18324999999999,111.79499999999999,94.04962499999999,96.14287499999999,103.554,89.545125,87.42937500000001,0.3,0.305,0.31,0.25,0.26,0.285,0.235,0.23,
99.88725,94.57499999999999,98.69850000000001,114.18862499999999,112.10625,105.52537500000001,96.261375,101.337375,0.27,0.255,0.265,0.32,0.31,0.29,0.26,0.275,
83.767875,96.5205,108.198375,107.469375,110.12100000000001,108.65175,114.55425,100.51575000000001,0.22,0.26,0.3,0.295,0.305,0.3,0.32,0.275,
98.45662499999999,112.21012499999998,101.71199999999999,115.373625,111.61125000000001,95.091375,108.24787500000001,115.71712500000001,0.265,0.31,0.275,0.325,0.31,0.255,0.3,0.325,
92.333625,76.149375,98.9175,102.580875,99.53025,97.9545,93.36675000000001,104.02049999999998,0.245,0.195,0.27,0.28,0.27,0.265,0.25,0.285,
95.46,101.06437500000001,91.60574999999999,80.14649999999999,90.55125,87.92025000000001,99.50062499999999,92.54175,0.255,0.275,0.245,0.205,0.24,0.23,0.27,0.245,
76.8075,115.405125,94.97475,97.86824999999999,105.88987499999999,87.76275,89.10225,68.250375,0.195,0.32,0.255,0.265,0.29,0.23,0.235,0.165,
99.302625,94.78312499999998,94.37025,95.989875,89.00099999999999,117.6705,87.633,94.918125,0.27,0.255,0.255,0.26,0.235,0.33,0.23,0.255,
84.55499999999999,117.36224999999999,87.24525,111.592125,104.84362499999999,98.212125,78.20849999999999,81.048375,0.22,0.33,0.23,0.31,0.285,0.27,0.2,0.21,
98.76525000000001,90.277125,109.4145,106.532625,94.382625,98.02425000000001,112.105875,82.602375,0.27,0.24,0.305,0.295,0.255,0.265,0.315,0.215,
89.869875,98.35012499999999,113.146125,94.97775,75.78187500000001,94.879125,110.35125,98.07449999999999,0.24,0.265,0.315,0.255,0.19,0.255,0.31,0.265,
104.67037499999999,92.2155,115.496625,88.35075,89.42625,96.309375,84.82387499999999,102.07612499999999,0.285,0.245,0.325,0.23,0.235,0.26,0.22,0.275,
102.642,112.327875,98.91112499999998,97.05787500000001,110.78512500000001,90.304875,98.58824999999999,103.72725,0.28,0.31,0.27,0.26,0.305,0.24,0.265,0.285,
80.074125,96.612,106.92712500000002,92.977125,108.741,98.21475000000001,100.28399999999999,97.07325,0.205,0.26,0.295,0.25,0.3,0.265,0.275,0.26,
87.57937500000001,87.521625,69.261,80.36325,120.40350000000001,113.09887499999999,103.63649999999998,107.525625,0.23,0.23,0.17,0.205,0.34,0.315,0.285,0.3,
116.357625,96.25312500000001,97.85662500000001,107.44237499999998,89.87774999999999,87.12075,110.788125,106.02187500000001,0.325,0.26,0.265,0.295,0.235,0.23,0.305,0.29,
111.760875,86.5455,102.675,90.795375,107.87625,93.062625,94.26450000000001,82.095,0.31,0.23,0.28,0.24,0.3,0.25,0.255,0.215,
89.94524999999999,94.76925,95.86875,84.93825000000001,104.63175000000001,95.60362499999998,106.3065,88.5195,0.24,0.255,0.255,0.22,0.285,0.26,0.295,0.235,
99.430875,102.38137499999999,95.050125,100.18462500000001,99.63825,97.44187500000001,80.436,93.157875,0.27,0.28,0.255,0.27,0.27,0.26,0.205,0.25,
112.7265,81.87299999999999,101.01450000000001,77.32012500000002,91.33725,93.78150000000001,75.60674999999999,106.77337499999999,0.315,0.21,0.275,0.2,0.245,0.255,0.19,0.295,
106.97287500000002,105.06599999999999,105.07237500000001,93.205125,89.618625,84.473625,80.682375,76.33125000000001,0.295,0.29,0.29,0.25,0.235,0.22,0.21,0.195,
73.67775,103.045125,107.49562499999999,94.12499999999999,87.6285,78.18975,93.333375,107.23687500000001,0.185,0.28,0.295,0.25,0.23,0.2,0.25,0.295,
84.10199999999999,101.56012500000001,103.053,71.557875,79.319625,94.91324999999999,97.44637499999999,89.055,0.22,0.275,0.28,0.175,0.205,0.255,0.26,0.235,
97.05825,106.85962500000001,103.82325000000002,92.21624999999999,101.43599999999999,96.9675,91.55137500000001,92.924625,0.265,0.295,0.285,0.245,0.275,0.26,0.245,0.25,
93.489,85.359375,87.874125,87.8415,83.859,91.024125,101.88975,87.62812500000001,0.25,0.225,0.235,0.23,0.22,0.24,0.28,0.23,
95.12175,102.972,104.78812500000001,95.014125,92.13675,82.362375,96.225375,97.074,0.255,0.28,0.29,0.255,0.245,0.21,0.26,0.265,
94.73025,98.25299999999999,96.73049999999999,93.59475,103.48575,96.56925000000001,83.4885,105.66562499999999,0.255,0.265,0.26,0.25,0.285,0.26,0.215,0.29,
100.064625,99.872625,86.91075,91.038375,86.01074999999999,91.00425,76.83675,89.620125,0.275,0.27,0.23,0.24,0.225,0.24,0.19,0.24,
94.705125,101.34412499999999,99.84674999999999,87.39599999999999,90.30262500000002,97.720875,95.55675,90.29137499999999,0.255,0.275,0.27,0.23,0.24,0.265,0.255,0.24,
81.07162500000001,80.03925,101.24324999999999,96.81975,88.16924999999999,91.28287499999999,93.5865,103.172625,0.21,0.205,0.275,0.265,0.23,0.24,0.25,0.28,
100.89599999999999,89.22825,98.25224999999999,98.125875,86.28637499999999,78.773625,87.440625,97.38,0.275,0.235,0.265,0.265,0.225,0.2,0.23,0.26,
96.091125,109.77862499999999,94.758,96.90862499999999,104.418375,75.080625,90.36300000000001,95.254125,0.26,0.305,0.255,0.26,0.285,0.19,0.24,0.255,
89.61300000000001,84.345,84.27149999999999,93.5265,96.688125,81.21225,90.47325,93.75975,0.24,0.22,0.22,0.25,0.26,0.21,0.24,0.25,
109.018125,103.720125,93.000375,95.2545,87.13725,85.53337499999999,85.88324999999999,95.38274999999999,0.3,0.285,0.25,0.255,0.23,0.225,0.225,0.255,
79.20412499999999,84.279375,82.561125,100.052625,96.931875,90.136125,97.9635,88.1055,0.2,0.22,0.215,0.27,0.26,0.24,0.265,0.235,
77.06062499999999,80.365125,97.61025,98.460375,124.498125,102.11474999999999,88.34400000000001,102.921,0.195,0.21,0.265,0.265,0.355,0.28,0.235,0.28,
96.46874999999999,87.00825,102.46724999999999,96.95587499999999,106.588125,91.520625,89.0655,73.353375,0.26,0.23,0.28,0.26,0.295,0.245,0.235,0.185,
81.525375,90.793125,108.466875,107.3085,70.913625,84.76199999999999,97.047375,94.096125,0.21,0.24,0.3,0.295,0.175,0.22,0.26,0.25,
94.03575000000001,89.65312499999999,85.96125,95.9205,90.86475,110.292,80.142,85.057875,0.255,0.235,0.225,0.26,0.24,0.305,0.205,0.225,
98.80875,100.287375,98.2095,104.06137500000001,97.76325,93.562875,95.13937499999999,100.333875,0.265,0.275,0.265,0.285,0.265,0.25,0.255,0.27,
98.7585,90.87862500000001,93.862125,91.45462500000001,83.12362500000002,92.676375,103.97737500000001,81.45299999999999,0.265,0.24,0.25,0.245,0.215,0.245,0.285,0.21,
100.16062500000001,86.095875,100.9515,112.141875,92.830875,98.309625,94.75500000000001,95.769,0.27,0.225,0.275,0.315,0.25,0.265,0.255,0.26,
105.39187500000001,108.144375,81.74925,89.706375,78.940875,89.5725,95.00775,92.766375,0.285,0.295,0.21,0.24,0.2,0.235,0.255,0.25,
89.389125,95.27737499999999,101.287125,96.2415,104.14350000000002,85.77975,98.39625,98.1375,0.235,0.255,0.275,0.26,0.285,0.225,0.27,0.265,
85.072875,84.452625,93.09675,94.895625,88.463625,91.857375,92.691375,87.44024999999999,0.225,0.22,0.25,0.255,0.235,0.245,0.25,0.23,
101.287875,85.82962500000001,106.262625,79.228125,93.8685,92.718,87.15450000000001,124.78612499999998,0.275,0.225,0.295,0.205,0.25,0.25,0.225,0.355,
83.799,96.36975,113.12025,87.65625,100.36275,83.529,79.56412499999999,74.90925,0.22,0.26,0.315,0.23,0.275,0.22,0.205,0.19,
101.54625000000001,99.54225000000001,103.67362500000002,79.66012500000001,101.305875,97.683,100.88175000000001,89.182125,0.275,0.27,0.285,0.205,0.275,0.265,0.275,0.235,
80.7225,94.84425,67.13475000000001,92.847375,91.670625,102.4635,81.743625,83.14800000000001,0.21,0.255,0.165,0.25,0.24,0.28,0.21,0.215,
97.52099999999999,98.100375,107.059875,88.72425,82.807125,89.35874999999999,71.87849999999999,109.22925000000001,0.265,0.265,0.295,0.235,0.215,0.235,0.175,0.3,
80.49899999999998,93.417,109.20374999999999,80.81587499999999,92.266125,108.23024999999998,107.130375,95.965875,0.205,0.25,0.3,0.21,0.245,0.3,0.295,0.255,
84.22687499999999,103.849875,99.22987499999999,115.78725,122.856375,97.19850000000001,92.746125,104.62087499999998,0.22,0.285,0.27,0.325,0.345,0.265,0.25,0.285,
81.010875,88.950375,91.887375,110.600625,105.42375,99.91725,106.978875,96.57,0.21,0.235,0.245,0.305,0.29,0.27,0.295,0.26,
113.134875,107.99175000000001,84.49875,97.11525,94.635,89.08349999999999,110.01375,91.195875,0.315,0.3,0.22,0.265,0.255,0.235,0.305,0.245,
78.527625,100.912875,100.80562499999999,98.20462500000001,107.03625000000001,122.629875,90.75862500000001,95.1585,0.2,0.275,0.275,0.265,0.295,0.35,0.24,0.255,
83.56275000000001,84.98325,99.2415,97.827375,87.489,82.721625,94.008375,83.60175,0.215,0.22,0.27,0.265,0.23,0.215,0.25,0.215,
87.861375,93.734625,92.24175000000001,95.261625,96.97500000000001,106.76737500000002,95.151,87.32362499999999,0.23,0.25,0.245,0.255,0.265,0.295,0.255,0.23,
97.28287499999999,85.824,98.65012500000002,101.341125,102.51599999999999,82.18575,96.467625,110.622375,0.265,0.225,0.27,0.275,0.28,0.215,0.26,0.305,
90.739875,96.65400000000001,83.73675,101.595,92.88712500000001,94.5525,103.68825000000001,94.8855,0.24,0.26,0.215,0.275,0.245,0.25,0.285,0.255,
92.7795,93.556125,93.55387499999999,105.650625,86.97375000000001,100.3485,86.998875,102.43762500000001,0.245,0.25,0.25,0.29,0.225,0.27,0.225,0.28,
134.3475,93.364125,84.15,82.67625,111.45112499999999,107.86162499999999,87.14662499999999,96.13725000000001,0.385,0.25,0.22,0.215,0.31,0.3,0.23,0.26,
111.54749999999999,108.69075,96.894375,109.28175,107.95875,93.37349999999999,105.66562499999999,100.229625,0.31,0.3,0.26,0.305,0.3,0.25,0.29,0.27,
96.50475,99.55912499999998,94.905375,83.294625,100.51274999999998,92.25075000000001,96.858375,106.70175,0.26,0.27,0.255,0.215,0.27,0.245,0.26,0.295,
83.78175000000002,108.384375,111.56400000000001,95.87625000000001,102.37200000000001,91.71825,102.22425000000001,83.58562500000001,0.22,0.3,0.31,0.26,0.28,0.245,0.28,0.22,
104.23949999999999,97.12462500000001,104.838375,87.949875,89.79037500000001,78.53662499999999,96.68699999999998,105.8985,0.285,0.265,0.29,0.23,0.24,0.2,0.26,0.29,
114.23737499999999,90.402375,105.390375,102.53399999999999,98.67674999999998,88.00537499999999,95.819625,87.682125,0.32,0.24,0.29,0.28,0.265,0.23,0.26,0.23,
80.798625,75.025875,92.005875,89.59987499999998,91.678125,102.30037499999999,99.5595,107.66512499999999,0.21,0.19,0.245,0.24,0.245,0.28,0.27,0.3,
86.24924999999999,105.854625,92.83837500000001,86.17649999999999,93.524625,111.65924999999999,102.45937500000001,99.17325,0.225,0.29,0.245,0.225,0.25,0.315,0.28,0.265,
101.6775,98.08725,104.430375,117.37424999999999,74.599875,73.384125,85.87125,92.8485,0.275,0.26,0.285,0.33,0.19,0.185,0.225,0.25,
93.537,104.17875000000001,76.64699999999999,102.25762499999999,95.971875,107.87512500000001,105.05812499999999,97.359375,0.25,0.285,0.195,0.28,0.26,0.3,0.29,0.26,
94.13999999999999,86.643,82.93875,96.42862500000001,104.59575000000001,84.67349999999999,108.96674999999999,111.58500000000001,0.25,0.23,0.215,0.26,0.285,0.22,0.3,0.31,
83.10225000000001,91.54950000000001,93.00825,83.93437499999999,74.76825000000001,99.306375,95.399625,90.44212499999999,0.215,0.24,0.25,0.22,0.19,0.27,0.255,0.24,
110.542875,104.41575,96.45750000000002,88.043625,105.342375,92.19000000000001,72.06750000000001,82.49474999999998,0.305,0.285,0.26,0.235,0.29,0.245,0.18,0.21,
106.833375,94.31325000000001,95.05425,110.44125,95.034,112.43325,94.7895,100.31625,0.29,0.25,0.255,0.305,0.255,0.31,0.255,0.275,
99.69899999999998,105.8385,84.3915,95.45924999999998,97.939875,90.411,83.45174999999999,115.35712500000001,0.27,0.29,0.22,0.255,0.265,0.24,0.22,0.32,
79.94437500000001,113.66287500000001,88.028625,76.43212500000001,71.19,99.76124999999999,91.237125,95.808375,0.205,0.315,0.23,0.195,0.175,0.27,0.245,0.26,
83.560875,117.97649999999999,87.577875,103.783125,97.113,72.64725,110.57887500000001,89.383875,0.215,0.33,0.23,0.285,0.26,0.18,0.305,0.235,
105.94275,87.81262500000001,91.6755,93.65700000000001,98.36137500000002,87.33262500000001,92.8935,74.713875,0.29,0.23,0.245,0.25,0.265,0.23,0.25,0.19,
91.05075000000001,98.46375,86.868375,95.70899999999999,101.92387500000001,100.515,93.651,107.22975000000001,0.24,0.265,0.23,0.255,0.28,0.275,0.25,0.295,
91.61325,87.44475000000001,103.423125,102.84674999999999,88.9365,99.52687499999999,81.370125,110.359875,0.245,0.23,0.28,0.28,0.235,0.27,0.21,0.305,
70.61625,87.31537499999999,103.85024999999999,92.17125,102.339,91.298625,94.04624999999999,95.11687500000001,0.17,0.23,0.285,0.245,0.28,0.245,0.25,0.255,
103.74225000000001,90.27787500000001,86.043,98.89612500000001,99.14025000000001,101.243625,84.782625,95.522625,0.285,0.24,0.225,0.265,0.27,0.275,0.22,0.255,
112.86524999999999,87.76425,104.96249999999999,105.4965,112.68299999999999,102.20325000000001,97.84387500000001,85.07062499999999,0.315,0.23,0.29,0.29,0.315,0.28,0.265,0.22,
84.52312500000001,107.40937500000001,90.130125,103.30425000000001,113.62349999999999,96.5445,111.77325,101.440875,0.22,0.295,0.235,0.28,0.315,0.26,0.31,0.275,
79.983,91.801125,86.41274999999999,93.47925,102.4455,108.89174999999999,96.266625,93.64274999999999,0.205,0.24,0.225,0.25,0.28,0.3,0.26,0.25,
114.52199999999999,98.9565,80.1195,103.405125,112.68712500000001,98.657625,96.61874999999999,92.005875,0.32,0.265,0.205,0.285,0.31,0.265,0.26,0.245,
88.8855,95.617875,97.891125,95.70037500000001,104.647125,101.2185,85.03387500000001,118.70512500000002,0.235,0.255,0.265,0.255,0.29,0.275,0.225,0.33,
101.16112499999998,102.56287499999999,103.67774999999999,101.38837500000001,113.184,91.03912500000001,84.667125,114.06675,0.275,0.28,0.285,0.275,0.315,0.24,0.22,0.32,
113.796375,88.80712500000001,83.475375,112.447875,88.23562500000001,104.94675,88.738125,87.28912500000001,0.315,0.235,0.22,0.315,0.23,0.285,0.235,0.23,
98.88862499999999,96.600375,78.699375,97.4565,81.40125,93.96525000000001,101.08987499999999,88.674,0.27,0.26,0.2,0.26,0.21,0.25,0.275,0.235,
90.672375,92.19300000000001,107.562,100.987125,110.31375,95.40225,93.71287500000001,103.198875,0.24,0.245,0.295,0.275,0.305,0.255,0.25,0.285,
108.615,109.686375,110.74875,96.538875,80.977125,90.351,102.76012499999999,98.36924999999998,0.305,0.3,0.305,0.26,0.21,0.24,0.28,0.265,
116.484375,105.48637500000001,99.64049999999999,98.40825000000001,120.64049999999999,89.80387499999999,93.78899999999999,90.920625,0.325,0.29,0.27,0.27,0.34,0.235,0.25,0.24,
123.57449999999999,99.742875,99.624,108.62325,123.42787500000001,108.17925000000001,116.405625,101.922375,0.35,0.27,0.27,0.3,0.35,0.3,0.325,0.28,
95.90249999999999,130.39124999999999,110.262,81.52987499999999,90.01125,94.532625,101.671125,93.6285,0.26,0.37,0.305,0.215,0.235,0.25,0.275,0.255,
108.78712499999999,105.827625,110.458875,114.8595,92.43299999999999,102.72412499999999,115.649625,99.00075000000001,0.3,0.29,0.305,0.32,0.245,0.28,0.325,0.265,
114.17625000000001,111.96825,109.92112499999999,123.40275,112.73474999999999,102.766875,102.295875,97.70849999999999,0.32,0.31,0.305,0.35,0.315,0.28,0.28,0.26,
102.335625,106.00949999999999,105.737625,100.47224999999999,99.78562500000001,103.755375,94.314,119.09550000000002,0.28,0.29,0.29,0.27,0.275,0.28,0.255,0.335,
114.92324999999998,104.70975000000001,106.012875,112.800375,108.362625,115.05300000000001,109.18425,101.54849999999999,0.32,0.29,0.29,0.315,0.3,0.32,0.3,0.275,
111.653625,103.69537500000001,118.81800000000001,107.854125,116.33737500000001,126.21225,117.97950000000002,110.5455,0.31,0.285,0.335,0.3,0.325,0.36,0.33,0.305,
112.36275,110.36099999999999,101.22674999999998,113.318625,100.79325,76.05975,125.404875,95.50500000000001,0.31,0.305,0.275,0.315,0.275,0.195,0.355,0.255,
100.96875,99.12525000000001,106.045125,109.51425,96.88425,98.882625,96.78899999999999,108.48450000000001,0.275,0.265,0.29,0.305,0.26,0.265,0.26,0.3,
98.49,98.097,101.33362500000001,109.06275,93.280875,103.14675,94.05937499999999,106.99987499999999,0.265,0.265,0.275,0.3,0.25,0.28,0.25,0.295,
109.48424999999999,104.42437500000003,97.03275000000001,103.58437500000001,120.43762500000001,87.034875,115.27725000000001,107.3805,0.3,0.285,0.265,0.285,0.34,0.225,0.32,0.295,
96.64275,110.98912499999999,99.29325,95.42174999999999,100.114875,94.072125,93.5415,94.53487500000001,0.26,0.31,0.27,0.255,0.27,0.255,0.25,0.255,
119.32350000000001,105.83175000000001,97.77974999999999,93.653625,105.769125,111.34649999999999,107.295,103.26525000000001,0.335,0.29,0.26,0.25,0.29,0.31,0.295,0.285,
105.843,88.74787500000001,111.788625,117.33262500000001,107.461875,95.01487499999999,116.07074999999999,103.77149999999999,0.29,0.23,0.31,0.33,0.295,0.255,0.325,0.285,
115.89149999999998,88.57912499999999,125.284875,120.696,111.5715,110.38387499999999,99.530625,108.97274999999999,0.325,0.23,0.355,0.34,0.31,0.305,0.27,0.3,
106.47787500000001,97.66725000000001,133.878375,92.282625,96.31500000000001,120.072375,112.94024999999999,103.7325,0.29,0.265,0.385,0.25,0.26,0.335,0.315,0.28,
116.466375,92.235375,106.137,98.76975000000002,96.625875,95.10112500000001,97.56975,107.22562500000001,0.325,0.245,0.29,0.265,0.26,0.255,0.26,0.295,
116.497875,118.69612500000001,115.1115,103.27725,134.090625,95.642625,115.12687500000001,80.15437499999999,0.325,0.33,0.32,0.28,0.385,0.255,0.32,0.205,
114.77924999999999,116.920125,103.085625,112.667625,103.54125000000002,113.03325000000001,111.03899999999999,94.87950000000001,0.32,0.325,0.28,0.31,0.28,0.31,0.31,0.255,
109.91250000000001,102.1875,116.97262500000001,84.15599999999999,96.00750000000001,108.57412500000001,102.80925000000002,115.88662500000001,0.305,0.28,0.325,0.22,0.26,0.3,0.28,0.325,
103.784625,129.4065,115.32375,105.38250000000001,117.985125,126.207375,92.91975000000001,112.33462499999999,0.285,0.365,0.32,0.29,0.33,0.355,0.245,0.31,
118.68225,107.98162500000001,100.08487500000001,115.31850000000001,93.9255,122.46824999999998,114.86925,124.03725000000001,0.335,0.3,0.27,0.32,0.25,0.345,0.32,0.35,
94.80900000000001,96.109125,103.06762499999999,100.34550000000002,104.545875,92.56424999999999,93.803625,95.10300000000001,0.255,0.26,0.285,0.27,0.285,0.245,0.25,0.255,
121.789125,96.32325,122.293125,105.460875,102.117375,99.73725,100.86749999999999,119.283,0.34,0.26,0.345,0.29,0.275,0.27,0.275,0.33,
111.89625,113.26575,107.52674999999999,115.020375,120.91575000000002,111.957375,104.479125,100.90687499999999,0.31,0.315,0.295,0.32,0.34,0.31,0.285,0.275,
113.17912499999998,115.636875,108.85275,107.39775,115.28924999999998,101.11049999999999,121.885125,116.637375,0.315,0.32,0.3,0.295,0.32,0.275,0.345,0.325,
108.78562500000001,110.55,102.70125,109.694625,138.09,108.1965,99.84637500000001,103.10737499999999,0.3,0.305,0.28,0.305,0.395,0.3,0.27,0.28,
118.34212500000001,97.12462500000001,102.59625000000001,111.83625000000002,105.040875,108.96600000000001,102.659625,114.89737500000003,0.33,0.26,0.28,0.31,0.29,0.3,0.28,0.32,
115.43175,91.195125,99.68437499999999,108.65512500000001,128.851875,104.1885,102.813375,91.95075,0.32,0.24,0.27,0.3,0.365,0.285,0.28,0.245,
94.25925000000001,109.06237499999999,99.49425,118.32037500000001,109.88287500000001,102.85725,109.22362499999998,93.784125,0.25,0.3,0.27,0.33,0.305,0.28,0.3,0.25,
104.67337500000001,111.954,131.759625,101.78587499999999,92.59912499999999,116.047875,110.92649999999999,115.842375,0.285,0.31,0.375,0.275,0.245,0.325,0.305,0.32,
116.0835,115.41412500000001,99.96900000000001,105.64875,114.13199999999998,104.836875,95.66925,118.17637500000001,0.325,0.32,0.27,0.29,0.315,0.285,0.255,0.33,
108.12937500000001,107.82974999999999,108.37950000000001,87.488625,118.918875,104.987625,109.79625,86.0925,0.295,0.295,0.3,0.23,0.335,0.285,0.305,0.225,
114.23850000000002,105.786,106.168125,117.11999999999999,94.952625,109.68787499999999,112.57725,117.45975,0.315,0.29,0.29,0.325,0.255,0.3,0.31,0.33,
112.45462500000001,100.15987500000001,113.62837499999999,128.71725,98.1975,103.0485,108.86699999999999,110.06474999999999,0.31,0.27,0.315,0.365,0.265,0.28,0.3,0.305,
114.98474999999999,99.7095,106.081875,97.30237500000001,87.97687499999999,112.38712500000001,107.453625,109.798125,0.32,0.27,0.29,0.265,0.23,0.31,0.295,0.3,
104.055375,101.42062499999999,96.52275,105.00187500000001,90.938625,104.592375,130.036125,110.0265,0.285,0.275,0.26,0.285,0.24,0.285,0.37,0.305,
112.000875,103.18124999999999,111.116625,111.40124999999999,114.438375,96.05550000000001,116.93212500000001,115.91962500000001,0.31,0.28,0.31,0.31,0.32,0.26,0.325,0.32,
112.97887499999999,81.676125,121.162875,99.63037499999999,93.625125,105.992625,101.398875,100.17824999999999,0.315,0.21,0.34,0.27,0.25,0.29,0.275,0.27,
104.22749999999999,106.97099999999999,112.35074999999999,116.6475,120.8535,102.822,106.59412499999999,116.65875000000001,0.285,0.29,0.31,0.325,0.34,0.28,0.29,0.325,
88.68900000000001,87.849,96.07987500000002,104.83424999999998,98.66212499999999,114.417375,93.05512499999999,100.19062500000001,0.235,0.23,0.26,0.285,0.27,0.32,0.25,0.27,
126.583875,110.58825,119.302125,106.36200000000001,87.506625,92.124,115.13662500000001,106.98300000000002,0.36,0.305,0.335,0.295,0.23,0.245,0.32,0.295,
90.50550000000001,102.66075000000001,114.668625,100.65599999999999,98.41837500000001,91.853625,99.259125,103.872375,0.24,0.28,0.32,0.275,0.265,0.245,0.27,0.285,
111.74475,92.506875,93.084,100.14712499999999,96.226875,109.924875,95.067375,115.96125,0.31,0.245,0.25,0.27,0.26,0.305,0.255,0.325,
116.62950000000001,109.89562500000001,97.17487499999999,102.33037499999999,102.161625,102.13799999999999,117.37462500000001,91.35674999999999,0.325,0.305,0.26,0.28,0.275,0.28,0.33,0.24,
104.00325,112.03650000000002,100.06087500000001,101.61862500000001,114.72375,100.45349999999999,114.25012500000001,132.57637499999998,0.285,0.31,0.27,0.28,0.32,0.27,0.32,0.38,
126.394125,97.83824999999999,125.52974999999999,110.314875,134.710875,106.5405,99.76875000000001,109.98375,0.36,0.265,0.355,0.305,0.385,0.29,0.27,0.305,
102.91087499999999,113.21437499999999,110.46074999999999,95.90925,109.094625,106.01737500000002,123.178875,89.37075,0.28,0.315,0.305,0.26,0.3,0.29,0.345,0.235,
115.707375,93.84787499999999,107.296125,103.47149999999999,106.963875,102.36225,108.88387499999999,105.354375,0.325,0.25,0.295,0.28,0.295,0.28,0.3,0.29,
103.0365,113.95012500000001,103.50525,102.604875,105.94012500000001,95.154375,115.72725,118.73025,0.28,0.315,0.28,0.28,0.29,0.255,0.325,0.335,
105.7335,95.19187500000001,102.90525,116.63812499999999,100.83675000000001,109.97512499999999,101.28675,113.221875,0.29,0.255,0.28,0.325,0.275,0.305,0.275,0.315,
101.46150000000002,107.916375,115.403625,106.39200000000001,98.05575,82.384125,101.71575000000001,113.39699999999999,0.275,0.295,0.32,0.295,0.265,0.215,0.275,0.315,
99.519,106.520625,89.13825,106.470375,108.14887499999999,117.533625,108.40312499999999,103.50937499999999,0.27,0.295,0.235,0.295,0.3,0.33,0.3,0.285,
118.5345,94.51237499999999,92.617875,99.18787499999999,100.2375,128.398125,111.94912500000001,105.67275,0.33,0.255,0.25,0.27,0.27,0.365,0.31,0.29,
96.26249999999999,117.001875,83.07787499999999,103.12125,113.479875,97.70512500000001,95.728125,112.54424999999999,0.26,0.33,0.215,0.28,0.315,0.26,0.255,0.31,
119.56425000000002,105.04724999999999,130.53787499999999,104.23725,110.098125,107.5275,94.061625,97.26262500000001,0.335,0.29,0.37,0.285,0.305,0.295,0.25,0.26,
117.047625,105.97950000000002,120.12299999999999,86.643375,88.620375,105.78975,100.426125,94.03912500000001,0.33,0.29,0.335,0.225,0.235,0.29,0.27,0.255,
112.18124999999999,112.8675,104.357625,102.84637500000001,125.79525000000001,89.05275,115.55775,113.923875,0.31,0.315,0.285,0.28,0.355,0.235,0.325,0.315,
111.05137500000001,94.012125,118.867125,115.8675,117.38812499999999,119.23125,117.555,113.75962499999999,0.31,0.25,0.335,0.32,0.33,0.335,0.33,0.315,
104.360625,96.62474999999999,119.94187500000001,107.83687499999999,113.97637499999999,85.82849999999999,114.600375,137.448,0.285,0.26,0.335,0.295,0.32,0.225,0.32,0.395,
114.12412499999999,107.00325,91.02637499999999,107.202375,110.32424999999998,93.40725,105.207,103.580625,0.315,0.295,0.24,0.295,0.305,0.25,0.29,0.285,
110.32124999999999,101.90849999999999,97.513875,108.67575000000001,105.13912499999999,126.0255,120.781875,91.18350000000001,0.305,0.275,0.265,0.3,0.285,0.355,0.34,0.245,
105.3405,111.56625,93.2025,118.15462500000001,121.61812499999999,95.66250000000001,123.51975000000002,107.27962500000001,0.29,0.31,0.25,0.33,0.345,0.255,0.35,0.295,
92.90512500000001,91.685625,118.86824999999999,109.49062500000001,92.038125,103.979625,108.23625,107.49300000000001,0.25,0.245,0.335,0.3,0.245,0.285,0.3,0.295,
102.39975000000001,100.53675,93.669,107.677875,104.79037500000003,95.767125,99.9375,103.08937499999999,0.28,0.27,0.25,0.295,0.285,0.255,0.27,0.28,
98.66474999999998,115.84649999999999,111.5085,117.91837500000001,114.859125,84.33824999999999,116.21025000000002,117.84000000000002,0.27,0.32,0.305,0.33,0.32,0.22,0.325,0.33,
105.55574999999999,114.86737499999998,117.59475,114.68325,108.931125,112.094625,93.702,98.922375,0.285,0.32,0.33,0.32,0.3,0.31,0.25,0.27,
93.302625,106.0845,101.21624999999999,90.64274999999999,98.65424999999999,86.802375,108.23625,116.536875,0.25,0.29,0.275,0.24,0.265,0.225,0.295,0.325,
100.588125,106.139625,95.065875,106.608375,115.38975,102.726375,119.429625,108.53812500000001,0.27,0.29,0.255,0.29,0.325,0.28,0.33,0.3,
120.31987500000001,106.912875,114.46912499999999,92.82000000000001,97.943625,111.854625,100.813875,104.76637500000001,0.34,0.295,0.32,0.25,0.265,0.31,0.275,0.285,
121.04625,102.933375,113.472,100.293375,99.59025000000001,109.568625,94.35487499999999,115.326,0.34,0.28,0.315,0.27,0.27,0.3,0.255,0.32,
113.06925000000001,90.427875,90.909,121.189125,112.23187499999999,100.42162499999999,111.81262500000001,101.00699999999999,0.315,0.24,0.24,0.34,0.31,0.27,0.31,0.275,
100.99087499999999,100.56074999999998,102.28800000000001,102.92212500000001,110.71087499999999,120.07837500000001,97.17037499999999,109.87462500000001,0.275,0.275,0.28,0.28,0.305,0.34,0.265,0.305,
94.1385,105.990375,107.096625,109.35974999999999,102.9855,111.511875,110.77087499999999,103.85400000000001,0.25,0.29,0.295,0.305,0.28,0.31,0.305,0.285,
94.21687499999999,120.59174999999999,111.68925,108.35775000000001,103.95449999999998,110.506875,97.5345,92.92724999999999,0.25,0.34,0.31,0.3,0.285,0.305,0.265,0.25,
104.19675,116.71125,102.980625,104.42774999999999,109.11337499999999,110.316,120.07424999999999,101.6865,0.285,0.325,0.28,0.285,0.3,0.305,0.335,0.28,
109.41300000000001,106.23899999999999,106.95675,80.214,113.454,104.08762499999999,111.68362499999999,94.95825,0.305,0.29,0.295,0.205,0.315,0.285,0.31,0.255,
99.041625,119.49075,102.71775,125.73750000000001,100.23262499999998,99.37575,118.498875,90.796875,0.27,0.335,0.28,0.355,0.27,0.27,0.335,0.24,
120.847125,105.81450000000002,103.02000000000001,104.48662499999999,116.20237499999999,99.91537500000001,109.65075,121.024125,0.34,0.29,0.28,0.285,0.325,0.27,0.3,0.34,
116.88862499999999,127.39874999999999,108.423,105.80624999999999,84.885,92.17349999999999,97.97887499999999,106.86112500000002,0.33,0.36,0.3,0.29,0.22,0.245,0.265,0.295,
108.501375,108.878625,121.077375,99.81599999999999,89.814,101.374125,102.3525,110.82674999999999,0.3,0.3,0.34,0.27,0.235,0.275,0.28,0.305,
101.96175000000001,93.867,109.12125,100.33012500000001,104.39774999999999,124.20675,110.93775000000001,112.33837500000001,0.275,0.25,0.3,0.27,0.285,0.35,0.31,0.31,
93.8835,113.01149999999998,98.412375,89.9205,103.132875,101.44350000000001,111.926625,107.7825,0.25,0.315,0.265,0.235,0.28,0.28,0.31,0.295,
93.63075,95.15325,105.62175,105.54525,112.474875,102.79537499999999,106.01325,106.98937500000001,0.25,0.255,0.29,0.29,0.31,0.28,0.29,0.295,
113.83349999999999,117.71662500000001,92.107125,108.67987500000001,112.21349999999998,115.633125,106.03762499999999,107.6325,0.32,0.33,0.245,0.3,0.31,0.32,0.29,0.295,
110.24924999999999,128.386125,132.276375,89.17724999999999,106.766625,97.24799999999999,101.484375,109.506,0.305,0.365,0.38,0.235,0.295,0.26,0.275,0.3,
106.878375,88.375125,122.28075,81.52612500000001,104.55825,102.748125,109.30687499999999,88.94325,0.29,0.235,0.345,0.21,0.29,0.28,0.3,0.235,
101.15174999999999,97.791375,121.24725,110.70899999999999,90.092625,93.99975,100.66650000000001,93.4365,0.275,0.265,0.34,0.305,0.24,0.25,0.275,0.25,
108.583125,119.11425,90.60937499999999,113.8935,116.079375,104.65350000000001,117.25649999999999,96.53062500000001,0.3,0.335,0.24,0.315,0.325,0.285,0.33,0.26,
104.284125,110.22337499999999,100.18125,97.96012499999999,107.607,103.23750000000001,105.590625,96.13725000000001,0.285,0.305,0.27,0.26,0.295,0.28,0.29,0.26,
