93.768375,82.01774999999999,124.62337500000001,89.26425,93.996,100.16399999999999,107.772,90.99037499999999,0.25,0.21,0.35,0.235,0.25,0.275,0.3,0.24,
109.68450000000001,104.28824999999999,90.41625,86.38425000000001,98.16112499999998,101.05125000000001,95.480625,110.29762500000001,0.305,0.285,0.24,0.225,0.265,0.275,0.255,0.305,
124.05825,128.66025,108.86625000000001,108.1485,114.17475,122.30550000000001,86.93287500000001,140.013,0.35,0.365,0.3,0.3,0.32,0.345,0.225,0.4,
111.80137500000001,110.210625,96.00637499999999,98.682,106.03800000000001,99.841125,104.029125,95.86125,0.31,0.305,0.255,0.27,0.29,0.27,0.285,0.255,
97.63612499999999,102.107625,90.516375,95.96812499999999,88.539,129.637875,115.92525,108.28275,0.265,0.28,0.24,0.26,0.235,0.37,0.325,0.3,
102.90037500000001,88.55925,94.2615,117.019125,95.34525,106.31174999999999,97.702125,98.316,0.28,0.235,0.25,0.33,0.255,0.295,0.265,0.265,
99.3015,107.4345,95.4555,100.83075000000001,128.35575,105.92625000000001,109.76549999999999,76.75200000000001,0.27,0.3,0.255,0.275,0.365,0.29,0.305,0.195,
112.83675000000001,95.85075,116.02199999999999,118.85325,84.730875,122.40037500000001,100.38412500000001,87.912,0.315,0.255,0.325,0.335,0.22,0.345,0.275,0.23,
89.59425,101.62462500000001,111.403875,120.4515,111.778875,105.55875,108.681375,106.55624999999999,0.24,0.275,0.305,0.34,0.31,0.29,0.3,0.29,
115.50412500000002,110.625,87.074625,115.98899999999999,93.216375,93.326625,114.952125,97.08487500000001,0.32,0.305,0.23,0.325,0.25,0.25,0.32,0.265,
116.58037499999999,95.81212500000001,123.98174999999999,110.353875,106.011375,122.306625,95.81099999999999,101.07112500000002,0.325,0.255,0.35,0.305,0.295,0.345,0.255,0.275,
101.03325,125.55075,88.51425,67.873875,89.7795,97.11675000000001,98.06775,112.11487500000001,0.275,0.355,0.235,0.165,0.235,0.26,0.265,0.31,
83.75362500000001,79.90837499999999,90.1485,95.81550000000001,115.92375,84.76575,113.399625,104.187,0.215,0.205,0.24,0.255,0.32,0.22,0.315,0.285,
89.578875,94.300125,96.60712500000001,87.687375,95.757,115.83,111.74849999999999,103.73400000000001,0.235,0.255,0.26,0.23,0.26,0.325,0.31,0.285,
108.541875,145.889625,115.72875,104.93025,94.769625,130.35712500000002,81.685875,131.477625,0.3,0.425,0.325,0.285,0.255,0.37,0.21,0.375,
90.77925,100.45237499999999,104.5185,104.35837500000001,91.853625,90.26287500000001,111.60000000000002,114.82612499999999,0.24,0.275,0.285,0.285,0.245,0.235,0.31,0.32,
120.04724999999998,106.842375,109.48124999999999,104.85675,85.226625,122.5125,110.808375,102.30149999999999,0.335,0.295,0.305,0.285,0.225,0.345,0.305,0.275,
87.4935,97.53675000000001,120.36449999999999,128.82225,112.04175000000001,108.66,92.08575,83.54512500000001,0.23,0.265,0.335,0.365,0.31,0.3,0.245,0.215,
108.11099999999999,98.49825,117.01875000000001,109.31474999999999,77.443875,104.57325000000002,102.349875,87.58575,0.3,0.265,0.325,0.3,0.195,0.285,0.28,0.23,
132.979125,106.40137500000002,123.63224999999998,107.53875,92.171625,105.46312500000002,111.56850000000001,93.32700000000001,0.38,0.29,0.35,0.295,0.245,0.29,0.31,0.25,
100.879125,109.95299999999999,110.434125,134.4825,103.74412500000001,96.24300000000001,110.35275,84.7395,0.275,0.3,0.305,0.385,0.285,0.26,0.305,0.22,
117.94874999999999,111.44624999999999,110.601,112.561875,135.64350000000002,119.899875,99.672375,105.51975,0.33,0.31,0.305,0.315,0.39,0.335,0.27,0.29,
101.248875,113.565375,107.562,103.88025,86.09400000000001,122.289375,110.22562500000001,111.95325000000001,0.275,0.315,0.295,0.285,0.225,0.345,0.305,0.31,
111.796125,83.128875,107.431875,108.47025000000001,105.35400000000001,113.7105,101.5725,120.58200000000001,0.31,0.215,0.295,0.3,0.29,0.315,0.28,0.34,
107.83087499999999,94.35862499999999,101.02312499999998,97.12687499999998,105.771375,109.66912500000001,119.889,108.12225000000001,0.295,0.25,0.275,0.26,0.29,0.305,0.335,0.295,
112.862625,109.761375,123.874125,88.5735,101.23012499999999,105.24487500000002,100.44675000000001,115.882125,0.315,0.305,0.35,0.235,0.275,0.285,0.275,0.32,
98.03025,96.525375,122.436375,80.293125,103.09349999999999,102.24824999999998,98.55000000000001,89.8485,0.265,0.26,0.345,0.205,0.28,0.28,0.265,0.24,
103.37024999999998,122.29799999999999,96.58387500000002,94.332,123.328875,99.91725,91.609875,121.81762499999999,0.28,0.345,0.26,0.255,0.35,0.27,0.245,0.34,
105.27900000000001,128.64075,115.14712499999999,138.844125,88.270875,109.22699999999999,90.62249999999999,99.879,0.29,0.365,0.32,0.4,0.235,0.3,0.24,0.27,
102.78525,110.31937500000001,106.77149999999999,110.66362500000001,106.50524999999999,119.010375,113.87437500000001,108.89025000000002,0.28,0.305,0.295,0.31,0.29,0.335,0.32,0.3,
105.58349999999999,109.98974999999999,95.279625,115.020375,102.46425,115.993875,116.67937499999998,108.42374999999998,0.29,0.305,0.255,0.32,0.28,0.325,0.325,0.295,
89.21587499999998,117.67649999999999,100.8825,103.14825,104.625,108.145125,114.88837500000001,116.07449999999999,0.235,0.33,0.27,0.28,0.29,0.3,0.32,0.325,
134.744625,98.15700000000001,114.38699999999999,110.85074999999999,124.67925,109.579875,113.62049999999999,90.419625,0.385,0.265,0.315,0.31,0.355,0.305,0.315,0.24,
117.12487499999999,103.558875,98.41912500000001,119.08912500000002,103.8915,104.505,117.71812500000001,111.56999999999998,0.325,0.285,0.265,0.335,0.285,0.285,0.33,0.31,
108.311625,99.00224999999999,128.90775000000002,136.11974999999998,133.922625,85.68225000000001,109.71862499999997,89.34112499999999,0.3,0.265,0.365,0.39,0.38,0.225,0.3,0.235,
93.3495,128.232375,125.59537499999999,92.27212499999999,134.598,101.00250000000001,112.075875,111.468,0.25,0.365,0.355,0.245,0.385,0.275,0.31,0.31,
109.1115,114.53512500000001,122.71462499999998,124.973625,124.81500000000001,118.76812500000001,130.05525,120.661875,0.3,0.32,0.345,0.355,0.355,0.33,0.37,0.34,
142.609875,101.163,108.028875,109.210875,115.31212500000001,104.664375,88.74525,100.0815,0.415,0.275,0.295,0.3,0.32,0.285,0.235,0.27,
115.59525000000001,111.17887499999999,91.92675,111.66562499999999,117.184125,114.418125,123.57974999999999,112.206375,0.325,0.305,0.245,0.31,0.33,0.32,0.35,0.31,
118.08375,106.71150000000002,123.56137500000001,123.06187500000001,115.05,112.95075,113.48775,130.431,0.33,0.295,0.35,0.345,0.32,0.315,0.315,0.37,
135.92175,121.17375,112.068,112.66462500000002,116.046375,94.831875,126.690375,118.577625,0.39,0.34,0.31,0.315,0.325,0.255,0.36,0.335,
105.71249999999999,121.192875,112.47,122.649,144.75975,134.86725,122.292,108.99975,0.285,0.34,0.31,0.345,0.42,0.39,0.345,0.3,
104.58037499999999,121.79550000000002,112.36462499999999,126.26025,141.88125,123.68400000000001,103.322625,107.91562499999999,0.285,0.345,0.31,0.36,0.41,0.35,0.28,0.295,
117.787125,123.532125,135.822375,105.150375,113.158125,108.61275000000002,99.70200000000001,102.90562500000001,0.33,0.345,0.39,0.285,0.315,0.3,0.27,0.28,
126.50774999999999,110.960625,119.32725,129.982125,105.987,97.02000000000001,134.138625,106.92525,0.36,0.305,0.335,0.37,0.29,0.26,0.385,0.29,
116.78662499999999,118.48125,102.507375,127.546875,104.97224999999999,122.13825,124.9245,121.559625,0.325,0.33,0.28,0.36,0.29,0.345,0.35,0.34,
114.73275000000001,128.1645,91.122375,108.65325000000001,108.67987500000001,136.660125,123.33075,103.92674999999998,0.32,0.36,0.24,0.3,0.3,0.395,0.345,0.285,
117.84862499999998,119.6505,140.44162500000002,127.74112500000001,125.764875,113.83650000000002,123.736125,105.219,0.33,0.335,0.405,0.36,0.355,0.315,0.35,0.29,
101.70975,97.48424999999999,109.121625,111.849375,113.25037499999999,124.487625,102.22762499999999,108.83437500000002,0.275,0.26,0.3,0.31,0.315,0.355,0.28,0.3,
133.30125,106.95824999999999,122.6025,100.051875,101.08574999999999,104.37150000000001,109.192875,95.09025,0.38,0.295,0.345,0.27,0.275,0.285,0.3,0.255,
110.28825,108.17962499999999,105.746625,127.1175,102.40650000000001,123.988875,97.06762499999998,112.693875,0.305,0.295,0.29,0.36,0.28,0.35,0.26,0.31,
126.46125,118.70100000000001,121.53675,77.40525000000001,129.56625,148.1775,102.93787499999999,105.45374999999999,0.36,0.33,0.34,0.2,0.37,0.43,0.28,0.29,
113.81887499999999,130.787625,87.376875,95.95237499999999,138.289875,127.081125,137.90775,124.845,0.32,0.37,0.23,0.26,0.395,0.36,0.395,0.35,
109.27012500000001,125.742,90.40612499999999,125.03849999999998,102.551625,114.211125,135.41325,122.09962499999999,0.3,0.355,0.24,0.355,0.28,0.315,0.385,0.34,
100.24799999999999,103.58699999999999,104.493375,122.0535,127.063125,121.43549999999999,99.71925,115.13175000000001,0.27,0.285,0.285,0.345,0.36,0.34,0.27,0.32,
124.813875,108.94800000000001,103.91324999999999,125.57775000000001,112.84762500000001,118.5195,130.301625,112.17600000000002,0.355,0.3,0.28,0.36,0.315,0.335,0.37,0.31,
97.48462500000001,126.979875,100.08862500000001,94.750875,108.292875,113.112,123.74062500000001,132.263625,0.265,0.36,0.27,0.25,0.3,0.315,0.35,0.375,
111.454125,108.90899999999999,116.706375,112.0185,127.44262499999999,119.98162500000001,116.53875,123.530625,0.305,0.3,0.325,0.31,0.36,0.335,0.325,0.345,
119.53800000000001,110.46375,114.17887499999999,120.583125,111.951,123.99150000000002,107.73225000000001,102.51375000000002,0.335,0.305,0.315,0.34,0.31,0.345,0.295,0.28,
114.09487499999999,114.58125000000001,92.044125,95.435625,96.417375,117.33675000000001,101.73825000000001,105.96749999999999,0.315,0.32,0.245,0.255,0.26,0.33,0.275,0.29,
104.64,115.405125,100.74374999999999,123.13875,99.8385,109.22925000000001,102.02062500000001,136.373625,0.285,0.32,0.27,0.345,0.27,0.3,0.275,0.39,
120.26624999999999,99.90225000000001,96.22912500000001,102.85725,107.68762500000001,107.23049999999998,112.08,105.282375,0.34,0.27,0.26,0.28,0.295,0.295,0.31,0.29,
120.90037500000001,123.69449999999999,100.73887500000001,121.43624999999999,84.391125,122.113875,120.16012500000001,96.81450000000001,0.34,0.35,0.275,0.34,0.22,0.345,0.34,0.26,
133.574625,111.49087499999999,113.03062500000001,142.845375,107.36925,113.65350000000001,112.086375,143.946,0.38,0.305,0.315,0.415,0.295,0.32,0.31,0.415,
115.05600000000001,106.54650000000002,119.37225000000001,121.9905,120.335625,120.603,101.32350000000001,118.84012499999999,0.32,0.29,0.335,0.345,0.34,0.34,0.275,0.335,
122.001375,92.0475,116.88900000000001,126.56775,104.998875,116.346375,110.292,121.873125,0.34,0.245,0.325,0.36,0.285,0.325,0.305,0.34,
105.883125,106.88475,117.9705,127.773,131.05012499999998,122.161875,103.94399999999999,94.53150000000001,0.29,0.295,0.33,0.365,0.375,0.345,0.285,0.255,
127.62562499999999,111.92625000000001,98.634,100.635,115.60725000000001,109.060875,107.751375,106.10024999999999,0.365,0.305,0.265,0.27,0.325,0.3,0.3,0.29,
115.54837500000001,108.36075,103.295625,114.87862500000001,104.29274999999998,112.359375,97.75837500000002,103.74449999999999,0.325,0.3,0.28,0.32,0.285,0.31,0.265,0.285,
113.122125,106.12462500000002,119.48662499999999,92.048625,118.94474999999998,119.32837500000001,125.03925,116.33775,0.315,0.29,0.335,0.245,0.335,0.335,0.35,0.325,
135.067875,100.92375,111.16987499999999,116.41912500000001,123.55649999999999,115.38225,121.25550000000001,113.316,0.385,0.275,0.31,0.325,0.35,0.32,0.34,0.315,
103.695,107.77012500000001,113.418375,123.55199999999999,105.529125,116.12887500000001,98.940375,101.70299999999999,0.285,0.295,0.315,0.35,0.285,0.325,0.265,0.275,
107.11350000000002,113.24587499999998,93.891,110.15849999999998,113.613375,112.15612499999999,111.97762499999999,107.96887500000001,0.295,0.315,0.25,0.305,0.315,0.31,0.315,0.295,
99.61162499999998,123.9525,111.1515,106.29374999999999,113.27887500000001,109.950375,115.2045,104.7615,0.27,0.35,0.305,0.29,0.315,0.305,0.32,0.285,
115.43062499999999,101.461125,120.20475,111.84075000000001,106.03424999999999,133.028625,108.62025,110.51100000000001,0.32,0.275,0.335,0.31,0.29,0.38,0.3,0.305,
136.63725,137.823375,109.087125,101.16412500000001,111.85275,121.08787500000001,96.323625,123.02999999999999,0.39,0.395,0.3,0.275,0.31,0.34,0.255,0.345,
114.6885,136.968375,123.45750000000001,100.75462499999999,130.75275,89.932125,120.039,104.29837500000001,0.32,0.39,0.35,0.275,0.37,0.235,0.335,0.285,
113.45662499999999,106.68299999999999,103.34962499999999,90.608625,84.212625,93.50325,118.25625000000001,97.32187499999999,0.31,0.295,0.28,0.24,0.22,0.25,0.33,0.26,
121.17375,107.62950000000001,106.320375,124.07512500000001,106.570125,96.249375,108.23587500000001,116.6895,0.34,0.295,0.29,0.35,0.29,0.26,0.3,0.33,
94.86675000000001,125.28975000000001,113.284125,119.41874999999999,119.142375,112.02712499999998,107.03962500000002,94.04175,0.255,0.355,0.315,0.335,0.335,0.315,0.295,0.25,
97.84275,116.739375,114.651,90.76162500000001,83.158125,119.237625,107.15212499999998,105.83362500000001,0.26,0.325,0.32,0.24,0.215,0.335,0.295,0.29,
102.423,105.65925,104.61375000000001,105.637125,104.132625,109.39387500000001,123.842625,117.23587500000001,0.28,0.29,0.285,0.295,0.285,0.3,0.35,0.325,
103.24275,111.36449999999999,113.98649999999999,114.89287499999999,119.89574999999999,107.03625000000001,95.904375,101.14725,0.28,0.31,0.315,0.32,0.335,0.295,0.255,0.275,
106.398375,109.92562500000001,104.520375,113.49375,119.82825000000001,110.43450000000001,105.61125,105.30525000000002,0.29,0.305,0.285,0.315,0.335,0.3,0.29,0.285,
107.8365,119.695125,111.83024999999999,100.90725,102.76837499999999,94.19924999999999,110.34750000000001,105.89025000000001,0.3,0.335,0.31,0.275,0.28,0.25,0.305,0.295,
111.80362500000001,97.89262500000001,109.13812499999999,99.04274999999998,98.22075000000001,98.37675,114.76725,110.955,0.31,0.265,0.305,0.27,0.265,0.265,0.32,0.305,
97.55737500000001,99.29849999999999,92.24025,122.502375,91.37137499999999,110.37525000000001,102.74024999999999,107.403375,0.26,0.27,0.245,0.345,0.245,0.305,0.28,0.295,
122.56612500000001,99.6885,87.75524999999999,104.527875,95.110125,101.1885,96.984375,104.47125000000001,0.345,0.27,0.23,0.285,0.255,0.275,0.26,0.285,
99.213375,110.5575,92.115375,114.72299999999998,99.893625,110.934375,92.40937500000001,103.87724999999998,0.27,0.305,0.245,0.32,0.27,0.305,0.25,0.285,
130.23149999999998,103.12612499999999,103.13025,120.04087499999999,109.596375,114.80812499999999,97.24799999999999,121.77225,0.37,0.28,0.28,0.335,0.305,0.32,0.26,0.345,
98.16,117.60900000000001,129.700125,87.977625,108.44475,94.83975,90.474375,102.39524999999998,0.265,0.33,0.365,0.23,0.3,0.255,0.24,0.28,
95.888625,97.94099999999999,94.30574999999999,103.34812500000001,110.75512499999999,105.3405,87.14999999999999,112.11300000000001,0.255,0.26,0.25,0.28,0.305,0.29,0.23,0.31,
112.92750000000001,89.3265,82.86412499999999,105.59287500000002,99.55125,110.84925000000001,100.96612499999999,98.57475,0.31,0.24,0.215,0.29,0.27,0.305,0.275,0.265,
93.117,84.71887500000001,96.622125,112.214625,85.522125,92.802375,81.7395,101.042625,0.25,0.22,0.26,0.31,0.225,0.245,0.21,0.275,
109.0275,100.55737500000002,93.815625,90.379875,105.78187499999999,100.88662500000001,101.61449999999999,111.24074999999999,0.3,0.275,0.25,0.24,0.29,0.275,0.275,0.31,
94.772625,97.82849999999999,112.56487500000001,96.88575000000002,100.02487500000001,104.21249999999999,113.535,115.83299999999998,0.255,0.265,0.315,0.26,0.27,0.285,0.315,0.325,
95.214,104.926125,97.51087499999998,108.78112499999999,89.17275,119.304375,78.215625,109.95299999999999,0.255,0.285,0.26,0.3,0.235,0.335,0.2,0.305,
111.04875,108.62925,99.22312500000002,101.18362499999999,93.52125,100.88475000000001,87.7365,100.86525,0.31,0.3,0.27,0.275,0.25,0.275,0.23,0.275,
139.699875,95.97075,98.646375,92.40525,110.0445,109.90312499999999,104.2575,109.327125,0.405,0.255,0.27,0.245,0.305,0.305,0.28,0.3,
114.23250000000002,112.60425,118.32225000000001,91.49175000000001,93.8505,102.70424999999999,113.2095,112.09425,0.32,0.315,0.33,0.24,0.25,0.275,0.315,0.31,
99.253125,104.20200000000001,97.64999999999999,114.8295,114.2895,77.17500000000001,104.53200000000001,101.70787500000002,0.27,0.285,0.265,0.32,0.315,0.2,0.285,0.28,
103.779375,90.595875,91.60537500000001,110.84100000000001,115.92375,103.198875,111.888,86.466375,0.285,0.24,0.24,0.305,0.325,0.28,0.31,0.23,
104.54175000000001,109.53225,106.060125,103.40549999999999,94.040625,95.949,93.130125,118.41487500000001,0.285,0.305,0.29,0.28,0.255,0.255,0.25,0.33,
92.60962500000001,104.10974999999999,96.545625,111.24862500000002,101.99737499999999,120.183375,100.17674999999998,116.50125,0.245,0.285,0.26,0.31,0.27,0.34,0.27,0.325,
110.8275,98.56237499999999,99.342375,101.89649999999999,96.10425000000001,114.61912500000001,107.960625,113.17312500000001,0.305,0.265,0.265,0.275,0.26,0.32,0.3,0.315,
100.95112499999999,98.69137500000001,107.08274999999998,121.58399999999999,99.75862500000001,108.90937500000001,109.016625,104.73750000000001,0.275,0.27,0.295,0.34,0.27,0.3,0.3,0.285,
109.172625,87.91575,102.98962499999999,107.680875,118.70812500000001,108.07537500000001,92.818125,107.028375,0.3,0.23,0.28,0.3,0.33,0.3,0.245,0.29,
89.659875,96.175875,102.43499999999999,98.3715,99.59925,103.613625,96.789375,95.501625,0.235,0.26,0.28,0.265,0.27,0.285,0.26,0.255,
115.25212499999999,113.152875,103.54387500000001,103.83525,102.1845,107.364375,101.23424999999999,118.9635,0.32,0.315,0.285,0.285,0.275,0.295,0.275,0.335,
100.983375,111.86775,137.823375,109.35787499999999,117.55050000000001,104.21362500000001,101.45812500000001,104.89987500000001,0.275,0.31,0.395,0.3,0.33,0.285,0.275,0.285,
102.78862500000001,107.47574999999999,107.065125,104.03999999999999,114.030375,92.20425,110.6955,110.52337499999999,0.28,0.295,0.295,0.285,0.315,0.245,0.305,0.305,
104.54812500000001,116.48287499999999,90.05324999999999,104.04674999999999,105.73387500000001,106.784625,99.81712499999999,104.12175,0.285,0.325,0.235,0.285,0.29,0.29,0.27,0.285,
90.96075000000002,109.66162499999999,109.33650000000002,123.288375,118.63575000000002,107.86125,93.7545,108.252375,0.24,0.305,0.3,0.35,0.33,0.295,0.25,0.295,
119.442,113.998125,125.62875,123.71437499999999,105.40650000000001,120.28049999999999,110.4645,111.33862500000001,0.335,0.315,0.355,0.35,0.285,0.34,0.305,0.31,
119.33999999999999,112.112625,110.3805,99.51075,114.98587500000002,104.91412500000001,96.80699999999999,104.77874999999999,0.335,0.31,0.305,0.27,0.32,0.285,0.26,0.285,
119.675625,127.42349999999999,98.623125,108.72562500000001,117.65849999999999,103.22999999999999,100.59825000000001,102.507375,0.335,0.36,0.265,0.3,0.33,0.28,0.27,0.28,
109.20712499999999,99.83024999999999,122.80162500000002,103.34925,98.898,104.16600000000001,100.857,123.40424999999999,0.3,0.27,0.345,0.285,0.265,0.285,0.275,0.345,
99.98625,102.23925,102.932625,108.15374999999999,101.94750000000002,93.660375,101.45925,106.525125,0.27,0.275,0.28,0.3,0.275,0.25,0.275,0.29,
102.876,95.56649999999999,109.878375,100.85737499999998,100.65449999999998,83.84249999999999,108.416625,108.9465,0.28,0.255,0.305,0.275,0.275,0.22,0.3,0.3,
116.39287499999999,117.11287499999999,108.60937500000001,116.36062500000001,93.754875,113.88,120.56174999999999,122.798625,0.325,0.325,0.3,0.325,0.25,0.315,0.34,0.345,
120.78075,91.70474999999999,104.2815,112.69275,107.14537500000002,125.36025000000001,84.459,113.00437500000001,0.34,0.245,0.285,0.31,0.295,0.355,0.22,0.315,
104.75512499999999,101.5725,101.52224999999999,116.4135,110.50012500000001,101.965875,104.25224999999999,113.824125,0.285,0.275,0.275,0.325,0.305,0.28,0.285,0.315,
115.84837499999999,84.486375,95.7345,96.16650000000001,113.321625,120.339,92.26275,105.700125,0.32,0.22,0.255,0.26,0.315,0.34,0.245,0.29,
108.46500000000002,90.90525,99.55425000000001,105.024,107.14574999999999,96.74625000000002,117.31500000000003,101.46825,0.3,0.245,0.27,0.285,0.295,0.26,0.33,0.275,
104.77387499999999,111.054375,117.39975000000001,89.088375,102.72337499999999,109.60950000000001,101.0655,98.59575000000001,0.285,0.305,0.33,0.235,0.28,0.3,0.275,0.265,
111.73612500000002,99.72524999999999,94.80375000000001,106.78349999999999,95.61712499999999,97.875,110.742375,125.7405,0.31,0.27,0.255,0.29,0.255,0.265,0.305,0.355,
126.29962499999999,99.92325,91.517625,108.626625,84.50587499999999,115.37774999999998,94.39274999999999,114.284625,0.355,0.27,0.245,0.3,0.22,0.32,0.25,0.32,
115.33050000000001,87.445875,93.21262500000002,93.49725,102.70012500000001,111.41362500000001,102.082875,99.31425000000002,0.32,0.23,0.25,0.25,0.28,0.31,0.275,0.27,
107.028375,101.57024999999999,103.78200000000001,114.50025,90.836625,100.03162499999999,99.97574999999999,117.92925,0.295,0.275,0.285,0.32,0.235,0.27,0.27,0.33,
100.181625,94.50675,107.10787499999999,121.24875,102.38550000000001,93.78150000000001,99.68212500000001,84.696,0.27,0.25,0.295,0.34,0.28,0.25,0.27,0.22,
109.90575,121.73925,110.23574999999998,117.45975,118.49812500000002,102.10499999999999,87.78975000000001,99.969375,0.305,0.345,0.305,0.33,0.33,0.275,0.23,0.27,
102.70237499999999,112.20150000000001,101.87512500000001,118.095,96.11250000000001,129.68625,128.251125,81.820875,0.28,0.31,0.28,0.33,0.255,0.365,0.365,0.21,
128.72400000000002,106.03762499999999,109.93537500000001,115.0035,113.33024999999999,112.82737499999999,98.22262500000001,125.44875,0.365,0.29,0.305,0.32,0.315,0.315,0.265,0.355,
125.39287499999998,112.89825,92.69887500000002,116.20087500000001,91.22625000000001,112.54087499999999,119.65575,118.6935,0.355,0.315,0.245,0.325,0.245,0.315,0.335,0.335,
110.50462499999999,100.217625,110.7105,108.70162499999999,87.847875,115.00837500000002,103.470375,108.62399999999998,0.305,0.27,0.305,0.3,0.23,0.32,0.28,0.3,
114.79724999999999,110.02237500000001,103.86637499999999,108.64687500000001,110.292,118.35900000000001,90.928875,112.002375,0.32,0.305,0.28,0.3,0.305,0.33,0.24,0.31,
115.608375,105.06675,112.28137500000001,112.26937500000001,99.38175000000001,123.88012499999999,113.06325000000001,102.840375,0.32,0.285,0.31,0.31,0.27,0.35,0.315,0.28,
114.28649999999999,126.239625,110.81549999999999,105.23174999999999,104.83462499999999,111.70349999999999,119.85974999999999,105.703125,0.32,0.36,0.305,0.29,0.285,0.31,0.335,0.29,
112.90950000000001,107.736,111.684,109.54425,93.497625,138.91425,107.14125,120.07987500000002,0.315,0.295,0.31,0.3,0.245,0.4,0.295,0.34,
94.85699999999999,101.813625,124.559625,113.04674999999999,106.62075,107.14987500000001,104.23049999999999,116.561625,0.255,0.275,0.35,0.315,0.29,0.295,0.285,0.325,
119.84100000000001,127.36424999999998,96.726,105.69825,127.5945,91.52662500000001,101.52224999999999,102.954375,0.335,0.36,0.26,0.29,0.36,0.24,0.275,0.28,
110.003625,117.699375,105.72225,131.211,92.7255,101.31375000000001,95.35425000000001,112.19024999999999,0.3,0.33,0.29,0.375,0.245,0.275,0.255,0.31,
107.0355,114.51637500000001,122.55862499999999,106.462875,100.38600000000001,108.93787499999999,117.115125,113.299875,0.295,0.32,0.345,0.295,0.27,0.3,0.33,0.315,
105.10312499999999,114.6885,116.62125,104.12175,105.9195,112.546125,87.636375,115.76062499999999,0.285,0.32,0.325,0.285,0.295,0.31,0.23,0.32,
131.174625,112.33650000000002,119.335875,91.97999999999999,103.99875,117.4185,108.614625,111.40087500000001,0.375,0.31,0.335,0.245,0.285,0.33,0.3,0.31,
101.998125,97.983375,110.46749999999999,118.809,107.70712499999999,112.3035,122.22412499999999,122.18175,0.275,0.265,0.305,0.335,0.295,0.31,0.345,0.345,
114.775125,118.26225,107.84212500000001,113.65687499999999,113.302125,109.38149999999999,110.49562499999999,87.60449999999999,0.32,0.33,0.295,0.315,0.315,0.3,0.305,0.23,
108.3,111.0525,116.909625,108.76500000000001,122.38987499999999,108.93787499999999,121.43025,94.345875,0.295,0.305,0.325,0.3,0.345,0.3,0.34,0.25,
119.613,113.32462500000001,112.20299999999999,117.83024999999999,108.895875,115.21612499999999,127.27012500000001,106.706625,0.335,0.315,0.31,0.33,0.3,0.32,0.36,0.295,
116.41799999999999,109.07212499999999,112.734,125.92725,112.14562500000001,97.22175,96.19874999999999,106.6335,0.325,0.3,0.31,0.355,0.31,0.26,0.26,0.295,
115.02900000000001,134.89724999999999,113.20725,106.83937499999999,116.777625,100.313625,121.24049999999998,117.58425,0.32,0.385,0.315,0.29,0.325,0.27,0.34,0.33,
114.739125,102.550125,116.33474999999999,111.86887499999999,114.89999999999999,119.49525,112.11449999999999,93.76350000000001,0.32,0.28,0.325,0.31,0.32,0.335,0.31,0.25,
109.072875,109.73999999999998,124.11824999999999,115.33912500000001,101.00587499999999,95.7195,115.7865,117.15525,0.3,0.3,0.35,0.32,0.275,0.255,0.32,0.33,
98.18249999999999,110.04374999999999,110.537625,121.37625000000001,123.384,98.3055,117.70200000000001,120.583125,0.265,0.305,0.305,0.34,0.35,0.265,0.33,0.34,
138.847125,129.67237500000002,110.57025,97.13662500000001,110.13375,114.00299999999999,103.612875,110.17537499999999,0.4,0.37,0.305,0.26,0.305,0.315,0.28,0.305,
112.08749999999999,102.68437499999999,110.151,132.012,92.540625,96.574875,123.78524999999999,113.149875,0.31,0.28,0.305,0.375,0.245,0.26,0.35,0.315,
103.84349999999999,117.44062500000001,90.543,109.92299999999999,106.72125000000001,103.96275,92.67899999999999,107.406,0.285,0.33,0.24,0.3,0.29,0.285,0.245,0.295,
107.62275000000001,104.3115,120.36637499999999,107.618625,94.46625,111.613125,109.0545,106.467375,0.295,0.285,0.34,0.295,0.25,0.305,0.3,0.29,
108.19762499999999,129.90225,118.75012500000001,102.48712499999998,122.53237499999999,107.54700000000001,111.43425,92.34075,0.295,0.37,0.335,0.28,0.345,0.295,0.305,0.245,
116.29650000000001,108.12075,97.07775,105.655125,107.42737500000001,109.97475000000001,100.42275,111.72825,0.325,0.3,0.26,0.29,0.295,0.305,0.27,0.31,
110.93062499999999,96.5775,90.537375,107.103,107.4285,102.072,122.2755,93.21712500000001,0.305,0.26,0.24,0.295,0.295,0.275,0.345,0.25,
113.33925,95.58449999999999,111.77325,101.69999999999999,99.880875,104.82525,117.98700000000001,119.1495,0.315,0.255,0.31,0.275,0.27,0.285,0.33,0.335,
89.45887499999999,96.172125,99.93337499999998,104.57549999999999,115.954875,107.80612500000001,99.8475,110.890125,0.235,0.255,0.27,0.285,0.325,0.295,0.27,0.305,
107.52074999999999,115.37175,107.5635,102.0345,93.14512500000001,115.306125,117.91987499999999,116.53987500000001,0.295,0.32,0.295,0.28,0.25,0.325,0.33,0.325,
101.09174999999999,99.40987500000001,112.96650000000001,108.610125,107.11537500000001,111.485625,110.15775000000001,104.221125,0.275,0.27,0.315,0.295,0.295,0.31,0.305,0.285,
116.34337500000001,100.75162499999999,99.45862500000001,113.920125,127.86375000000001,103.84275,100.20824999999999,118.597125,0.325,0.275,0.265,0.315,0.365,0.285,0.27,0.33,
112.62937500000001,109.33537499999998,112.23750000000001,99.54787499999999,131.0505,105.63187500000001,105.22500000000001,108.43912499999999,0.31,0.3,0.31,0.27,0.375,0.29,0.285,0.3,
104.93925000000002,119.47762499999997,119.05312500000001,101.89425000000001,109.66125000000001,103.62525,111.42037499999999,114.190125,0.29,0.335,0.335,0.275,0.305,0.285,0.31,0.315,
122.31787499999999,130.420875,97.56637500000001,120.387,101.4555,109.41975000000001,104.56275,98.71087499999999,0.345,0.37,0.265,0.34,0.275,0.3,0.285,0.265,
98.60099999999998,102.58125,110.94075,101.150625,84.411375,116.527875,109.30687499999999,95.1915,0.265,0.28,0.305,0.275,0.22,0.325,0.305,0.255,
116.17125,108.87150000000001,116.94225000000002,104.16225,117.57675,108.12899999999999,108.82725,102.89174999999999,0.325,0.3,0.325,0.285,0.33,0.295,0.3,0.28,
101.637,114.274125,108.9345,94.536,128.260125,99.06862500000001,124.27387499999999,106.190625,0.275,0.315,0.3,0.255,0.365,0.27,0.35,0.29,
120.12075,121.353,110.58749999999999,109.118625,113.11987500000001,100.99725000000002,111.51525000000001,89.843625,0.335,0.34,0.31,0.3,0.31,0.275,0.31,0.235,
104.88337500000002,122.254125,128.413125,108.44700000000002,76.15312499999999,86.886375,122.338125,105.703125,0.285,0.345,0.365,0.295,0.19,0.23,0.345,0.29,
101.16375,119.25224999999999,98.033625,102.39412499999999,104.13000000000001,125.52074999999999,118.22887499999999,113.399625,0.275,0.335,0.265,0.28,0.285,0.355,0.33,0.315,
109.12125,113.668125,119.03474999999999,105.80550000000001,98.42399999999999,94.434,110.58487500000001,106.76325,0.3,0.315,0.335,0.29,0.265,0.25,0.305,0.295,
122.85562499999999,108.80362500000001,103.11975,124.40925,104.8005,117.289125,119.962875,98.725125,0.345,0.3,0.28,0.35,0.285,0.33,0.335,0.265,
113.85149999999999,101.57962500000001,98.29125,118.21612499999999,102.095625,99.43012499999999,112.79175000000001,108.80737500000001,0.315,0.275,0.265,0.33,0.28,0.27,0.315,0.3,
109.699875,119.82825000000001,95.770875,102.933375,116.617875,109.22174999999999,113.8455,109.05825,0.3,0.335,0.255,0.28,0.325,0.305,0.315,0.3,
111.57374999999999,104.46037499999998,102.303,99.89099999999999,115.609875,99.86812499999999,114.16912500000001,107.108625,0.31,0.285,0.275,0.27,0.32,0.27,0.315,0.295,
107.30624999999999,108.55349999999999,119.41387499999999,115.420875,108.85875000000001,125.937,99.49425,128.479125,0.295,0.3,0.335,0.32,0.3,0.355,0.265,0.365,
106.123125,86.988,118.583625,103.02900000000001,121.55550000000001,112.868625,102.670875,119.71462499999998,0.29,0.23,0.33,0.28,0.345,0.315,0.28,0.335,
108.20962499999999,96.286875,89.573625,117.077625,125.32162500000001,97.06649999999999,115.047375,119.55487499999998,0.3,0.26,0.235,0.33,0.355,0.26,0.32,0.335,
82.98975,114.0165,117.00262500000001,100.18800000000002,91.408125,112.32300000000001,120.20062499999999,113.750625,0.215,0.315,0.33,0.27,0.24,0.31,0.335,0.315,
115.54575,94.621875,100.436625,112.668375,112.69425000000001,113.269875,105.33037499999999,121.841625,0.32,0.255,0.275,0.315,0.315,0.315,0.29,0.345,
126.71249999999998,117.337875,96.30300000000001,107.922375,102.626625,82.640625,119.98162500000001,116.01225,0.36,0.325,0.26,0.295,0.28,0.215,0.335,0.325,
128.166375,109.11187500000003,116.52375000000002,109.91137499999999,119.426625,105.63037499999999,102.41475,122.16075000000001,0.365,0.3,0.325,0.305,0.335,0.29,0.28,0.345,
109.82475,114.69300000000001,109.83,109.940625,106.411875,102.83399999999999,119.08125,115.91512499999999,0.305,0.32,0.3,0.305,0.295,0.28,0.335,0.325,
102.197625,100.56599999999999,126.51599999999999,106.90162500000001,101.97375,118.05562499999999,106.368375,124.408125,0.28,0.275,0.36,0.295,0.28,0.33,0.29,0.35,
115.16475,108.057,121.270875,117.55050000000001,122.74537500000001,120.626625,107.95575000000001,96.42412499999999,0.32,0.3,0.34,0.33,0.345,0.34,0.295,0.26,
109.30012499999998,103.07925,122.29537499999999,98.27924999999999,105.738,111.17137500000001,96.363,113.143875,0.3,0.28,0.345,0.265,0.29,0.31,0.26,0.315,
102.122625,103.87275,114.69037500000002,115.720875,119.84212500000001,111.206625,95.77875,94.56824999999999,0.275,0.285,0.32,0.32,0.34,0.31,0.255,0.255,
94.465875,104.37675,105.95887500000002,121.07962500000001,132.916875,102.328875,104.41125,105.92625000000001,0.25,0.285,0.29,0.34,0.38,0.28,0.285,0.29,
111.838125,97.239375,116.466375,122.88037499999999,116.92687500000001,106.965,118.072125,129.70575,0.31,0.265,0.325,0.345,0.325,0.295,0.33,0.365,
112.97699999999999,114.54674999999999,126.33487500000001,108.58874999999999,111.94575,89.29875,94.189875,134.85524999999998,0.315,0.32,0.36,0.3,0.315,0.235,0.25,0.385,
123.10275,109.78087500000001,112.03425,105.748875,119.48099999999998,122.6595,120.045,96.79237499999999,0.35,0.305,0.31,0.29,0.335,0.345,0.335,0.26,
102.183375,113.70337500000001,119.2245,118.49062500000001,113.173875,109.5165,113.884875,101.22224999999999,0.275,0.315,0.335,0.33,0.315,0.3,0.32,0.275,
96.20925,127.401,115.65637500000001,115.43100000000001,128.50462499999998,116.96662500000001,117.204,122.57475,0.26,0.36,0.32,0.32,0.365,0.325,0.325,0.345,
114.83475000000001,127.76362499999999,103.68900000000002,116.52524999999999,95.780625,131.93325,114.31237499999999,113.18549999999999,0.32,0.36,0.285,0.325,0.255,0.38,0.32,0.315,
92.10674999999999,118.38412500000001,116.65424999999999,98.7225,117.16874999999999,113.39775,114.717375,111.54299999999999,0.24,0.33,0.325,0.265,0.325,0.315,0.32,0.31,
