109.47599999999998,84.42,99.166125,89.2245,88.87725,106.340625,105.45712499999999,110.413875,0.305,0.22,0.27,0.235,0.235,0.295,0.29,0.305,
96.88274999999999,88.815375,93.575625,109.150125,89.589375,103.22025000000001,107.46674999999998,106.00725,0.26,0.235,0.25,0.305,0.235,0.28,0.295,0.29,
110.423625,100.85400000000001,108.55574999999999,74.169375,87.629625,84.73125,92.69099999999999,123.849375,0.305,0.275,0.3,0.185,0.23,0.22,0.245,0.35,
83.13787500000001,102.48675,96.98887500000001,98.311125,107.25787500000001,101.36962500000001,114.69075,109.02825,0.215,0.28,0.26,0.265,0.295,0.275,0.32,0.3,
107.472,90.54862499999999,120.67387500000001,87.23625,112.41825,98.56500000000003,115.05300000000001,97.08675000000001,0.295,0.24,0.34,0.23,0.315,0.265,0.32,0.26,
84.133875,114.45112499999999,127.43287500000001,80.97000000000001,112.36874999999999,96.3405,103.83862500000001,89.10525,0.22,0.32,0.36,0.21,0.315,0.26,0.285,0.235,
98.943,88.242375,94.631625,117.99300000000001,103.119,102.95362500000002,103.85737499999999,88.707375,0.27,0.23,0.255,0.33,0.285,0.28,0.285,0.235,
100.06800000000001,99.45937500000002,107.707875,88.80937499999999,82.3335,98.2155,88.311,88.86225,0.27,0.27,0.295,0.235,0.21,0.265,0.23,0.235,
129.35625,104.350125,116.60400000000001,101.57362499999999,114.429375,115.50262500000001,116.32424999999999,111.80137500000001,0.37,0.285,0.325,0.28,0.32,0.325,0.325,0.31,
105.66749999999999,102.7995,108.42075,92.36549999999998,90.63975,118.22325000000001,117.62324999999998,115.94662500000001,0.29,0.28,0.3,0.245,0.24,0.33,0.33,0.325,
91.7625,106.07849999999999,105.117375,93.37125,91.98637500000001,81.715125,107.6325,101.269125,0.245,0.29,0.29,0.25,0.245,0.21,0.295,0.275,
99.167625,89.76225,98.877375,108.06262500000001,95.764125,88.3125,100.35787499999999,95.23425,0.27,0.235,0.27,0.3,0.255,0.23,0.275,0.255,
91.79662499999999,103.86824999999999,104.28225,100.6815,90.79950000000001,100.48612500000002,124.9425,90.98475,0.245,0.28,0.285,0.27,0.24,0.275,0.355,0.24,
97.97737500000002,95.32125,111.34724999999999,99.727125,97.30462499999999,106.90162500000001,94.91175,83.6025,0.265,0.255,0.31,0.27,0.265,0.295,0.255,0.215,
102.55574999999999,94.25325,96.91425,102.01425,103.65075,99.799875,90.77212499999999,107.34299999999999,0.28,0.25,0.26,0.275,0.285,0.27,0.24,0.295,
89.169375,98.78587499999999,122.52412500000001,93.61087500000001,90.796125,78.477,78.12825,132.058875,0.235,0.27,0.345,0.25,0.24,0.2,0.195,0.375,
98.323125,97.67399999999999,101.23049999999999,79.69162499999999,96.912375,93.516,104.516625,100.58662499999998,0.265,0.265,0.275,0.2,0.26,0.25,0.285,0.275,
86.948625,125.60737499999999,118.867875,75.349875,103.256625,79.81875,123.842625,94.759125,0.225,0.355,0.335,0.19,0.285,0.205,0.35,0.25,
93.786375,115.565625,88.91475,92.6535,100.84387500000001,123.51975000000002,99.916125,99.06862500000001,0.25,0.32,0.235,0.245,0.275,0.35,0.27,0.265,
106.25587499999999,88.408125,106.452375,90.393,106.79025,104.20537499999999,109.73775,95.86650000000002,0.29,0.235,0.29,0.24,0.295,0.285,0.305,0.255,
94.96537500000001,96.13875,84.36075,73.768875,93.04499999999999,120.645375,111.718125,88.66950000000001,0.255,0.26,0.225,0.18,0.245,0.34,0.31,0.235,
99.33600000000001,83.79937500000001,116.75212499999999,98.03474999999999,110.322375,123.88649999999998,126.273,110.496375,0.27,0.215,0.325,0.265,0.305,0.35,0.355,0.305,
80.39099999999999,80.16937499999999,89.346375,102.37462500000001,81.709875,102.52687499999999,96.706125,93.09375,0.205,0.205,0.235,0.275,0.215,0.28,0.26,0.245,
107.26500000000001,95.26575000000001,87.68137499999999,93.01162500000001,87.158625,97.94325,97.13775,75.49275,0.295,0.255,0.23,0.25,0.23,0.265,0.26,0.19,
94.85625,94.723125,106.670625,90.400125,105.624,106.7445,100.612875,115.21650000000001,0.255,0.255,0.295,0.24,0.29,0.295,0.275,0.325,
107.376,104.05950000000001,89.22975,93.45225000000002,96.639375,102.571125,81.018375,101.011125,0.295,0.285,0.235,0.25,0.26,0.28,0.21,0.275,
106.47975000000001,114.54299999999999,102.10162500000001,101.31675,108.2325,109.80749999999999,94.924875,113.92724999999999,0.295,0.32,0.28,0.275,0.3,0.305,0.255,0.32,
89.1495,95.58637499999999,94.297875,116.22675,91.693875,96.10875000000001,116.32125,87.63225,0.235,0.255,0.255,0.325,0.245,0.26,0.325,0.23,
89.37374999999999,83.21549999999999,96.31124999999999,96.05325,94.195125,90.81675,83.019375,96.17625000000001,0.235,0.22,0.26,0.255,0.255,0.24,0.215,0.26,
95.4285,116.19862499999999,104.66962500000001,100.435875,96.836625,113.626125,96.09150000000002,90.402375,0.255,0.325,0.285,0.275,0.26,0.315,0.26,0.24,
135.62887500000002,84.12675,111.52125,101.17762499999999,112.06312499999999,86.0625,104.19600000000001,94.62225000000001,0.39,0.215,0.31,0.275,0.31,0.225,0.285,0.255,
120.927375,115.93124999999999,106.988625,88.429875,99.23174999999999,110.28375000000003,89.58,96.355875,0.34,0.325,0.295,0.23,0.27,0.305,0.235,0.26,
129.378375,88.052625,112.42387500000002,103.46925,90.379125,97.401375,113.097,86.69925,0.37,0.23,0.31,0.28,0.24,0.26,0.315,0.225,
106.027125,101.1735,93.40762499999998,94.79925,92.5275,89.356875,76.25775,118.01100000000001,0.29,0.275,0.25,0.255,0.245,0.235,0.195,0.33,
126.21862499999999,116.42925,114.456,88.999125,137.74875,99.57225000000001,102.802125,89.749125,0.36,0.325,0.32,0.235,0.395,0.27,0.28,0.235,
112.793625,90.02212499999999,100.89375000000001,118.87612499999999,109.6485,94.332375,92.45249999999999,90.57600000000001,0.31,0.235,0.275,0.335,0.305,0.25,0.245,0.24,
92.14387499999998,89.388375,111.834,94.50112499999999,109.812,110.75325,114.681375,83.07075,0.245,0.235,0.31,0.25,0.305,0.305,0.32,0.215,
115.564875,110.89462499999999,119.43375000000002,95.8725,96.52800000000002,101.93775,99.38925,94.14337499999999,0.32,0.31,0.335,0.255,0.26,0.28,0.27,0.255,
115.74975,97.46775,113.35050000000001,109.782375,104.35425000000001,107.67037499999998,94.395375,102.58725000000001,0.325,0.265,0.315,0.3,0.285,0.295,0.25,0.28,
96.7545,93.9225,79.81087500000001,114.24037500000001,106.990125,99.80062500000001,104.74425,103.8795,0.26,0.25,0.205,0.32,0.295,0.27,0.285,0.285,
94.12462500000001,117.58462499999999,114.25425,105.25462499999999,97.835625,96.41062500000001,117.14925000000001,105.74700000000001,0.25,0.33,0.32,0.29,0.265,0.26,0.33,0.295,
103.16475,92.62800000000001,107.448375,112.58925,109.80862499999999,98.094375,97.47224999999999,113.938875,0.28,0.245,0.295,0.315,0.305,0.265,0.26,0.32,
134.458875,83.49974999999999,101.16075000000001,89.802375,99.65775000000001,103.554375,97.00274999999999,114.177375,0.385,0.215,0.275,0.235,0.27,0.285,0.26,0.32,
98.86725,103.27199999999999,94.480125,112.87762500000001,97.44000000000001,113.0235,98.79525,96.61800000000001,0.27,0.285,0.25,0.315,0.265,0.315,0.27,0.26,
105.7335,109.50150000000001,105.48187499999999,108.07612499999999,109.28212499999998,104.15400000000001,91.02674999999999,107.52337499999999,0.29,0.305,0.29,0.295,0.305,0.285,0.24,0.295,
103.459125,104.25337499999999,110.21775000000001,102.492375,119.05199999999999,96.42262500000001,111.68062499999999,123.62812500000001,0.28,0.285,0.305,0.28,0.335,0.26,0.31,0.35,
97.07925,87.126375,117.63825,107.70487500000002,102.33262500000001,103.104375,98.55600000000001,75.973125,0.26,0.23,0.33,0.295,0.275,0.28,0.265,0.19,
99.75787500000001,97.567875,110.27099999999999,84.755625,85.15575,112.94624999999999,109.89524999999999,91.945125,0.27,0.265,0.305,0.22,0.22,0.315,0.305,0.245,
91.17675,100.98637500000001,90.049125,80.353875,77.094,104.10375,101.85787499999999,104.50387500000001,0.24,0.275,0.235,0.205,0.195,0.285,0.275,0.285,
91.588875,109.42837499999999,106.02825,97.55850000000001,102.22950000000002,98.70862500000001,97.88812499999999,88.00162499999999,0.24,0.3,0.29,0.265,0.28,0.265,0.265,0.23,
74.133375,108.145125,116.01375,105.20962499999999,100.878375,107.344875,107.27625,102.814875,0.185,0.295,0.325,0.29,0.275,0.295,0.295,0.28,
92.90475,92.13900000000001,94.330875,113.03250000000001,111.706875,105.17249999999999,98.67600000000002,99.67875000000001,0.25,0.245,0.255,0.315,0.31,0.285,0.265,0.27,
88.6515,115.98037500000001,118.14975000000001,99.10012499999999,116.31375,105.13837500000001,110.48850000000002,96.17399999999999,0.235,0.325,0.33,0.27,0.325,0.29,0.305,0.26,
101.38425000000001,101.96025,109.0995,117.1395,87.4845,117.05137500000001,97.37249999999999,95.10862499999999,0.275,0.28,0.3,0.33,0.23,0.325,0.26,0.255,
97.81725,100.00237499999999,97.10624999999999,88.88287500000001,95.917125,103.222125,121.2825,74.49225,0.265,0.27,0.26,0.235,0.26,0.285,0.345,0.19,
83.295,134.887875,109.503,113.10149999999999,105.28725000000001,105.48187499999999,107.28150000000001,104.22224999999999,0.215,0.385,0.3,0.315,0.29,0.29,0.295,0.29,
116.206125,99.32849999999999,119.263875,112.08712499999999,119.50162499999999,108.34312500000001,104.684625,109.04700000000001,0.325,0.27,0.335,0.315,0.335,0.3,0.285,0.3,
111.97425,102.110625,101.78925,92.098875,111.43725,109.00349999999999,117.41925,87.19200000000001,0.31,0.28,0.275,0.245,0.31,0.3,0.33,0.23,
97.528875,105.615,119.28525,118.41675000000001,88.576875,96.7545,119.26875000000001,105.60825,0.265,0.29,0.335,0.335,0.235,0.26,0.335,0.29,
92.141625,128.80125,101.9745,111.388875,116.28225,108.21487499999999,102.42075,127.2705,0.245,0.365,0.28,0.31,0.325,0.3,0.28,0.36,
100.399875,102.513,124.18837500000001,103.05525000000002,104.4555,104.72437500000001,124.82587500000001,119.23237499999999,0.275,0.28,0.35,0.28,0.285,0.285,0.355,0.335,
104.767125,87.77812499999999,109.05375000000001,121.2015,104.58787500000001,110.440125,85.71674999999999,132.291375,0.285,0.23,0.3,0.34,0.285,0.3,0.225,0.38,
72.876,116.40899999999999,94.74187500000001,108.39524999999999,102.79799999999999,115.234875,101.33399999999999,127.53187499999999,0.18,0.325,0.255,0.3,0.28,0.32,0.275,0.36,
91.37137499999999,120.940875,97.426125,93.03,114.88087499999999,110.36850000000001,108.06825,115.04512499999998,0.24,0.34,0.26,0.245,0.32,0.305,0.295,0.32,
96.30300000000001,96.817875,133.53525,110.89687500000001,107.70037500000001,116.421,118.8915,122.99137499999999,0.26,0.26,0.385,0.305,0.295,0.325,0.335,0.355,
108.03562500000001,112.13512499999999,94.68487499999999,111.55274999999999,110.30174999999998,121.881,98.72625,123.770625,0.295,0.31,0.255,0.31,0.305,0.345,0.265,0.35,
104.09174999999999,111.20250000000001,112.100625,103.22775,98.50500000000001,108.31124999999999,103.997625,121.38525,0.285,0.305,0.315,0.28,0.265,0.3,0.28,0.345,
107.18737499999999,111.12862500000001,111.360375,111.38699999999999,102.61987500000001,107.640375,109.59075000000001,118.34437499999999,0.295,0.31,0.31,0.31,0.28,0.295,0.305,0.33,
113.17837499999997,93.147375,84.76012499999999,91.92862500000001,121.41,116.91562499999998,92.018625,106.77600000000001,0.315,0.25,0.22,0.245,0.34,0.33,0.245,0.295,
97.017375,103.335,116.45325000000003,97.11187500000001,110.919,92.264625,118.59487499999999,111.028875,0.26,0.28,0.325,0.26,0.31,0.245,0.335,0.31,
113.83687499999999,107.070375,110.43,96.79837500000001,103.02075,118.56899999999999,115.809375,95.33324999999999,0.315,0.295,0.305,0.26,0.28,0.335,0.325,0.255,
130.33200000000002,93.5955,96.925875,118.04287500000001,98.84249999999999,107.5995,91.275,83.06625,0.37,0.25,0.26,0.33,0.265,0.3,0.245,0.215,
73.906875,111.89925000000001,99.36149999999999,100.81275000000001,119.21662500000001,97.3035,103.17825,105.770625,0.185,0.31,0.27,0.275,0.335,0.265,0.285,0.29,
116.45662499999999,82.73625000000001,97.28474999999999,106.80937499999999,82.24537500000001,120.33262500000001,116.27325,109.16175000000001,0.325,0.215,0.26,0.295,0.215,0.34,0.325,0.3,
107.21025,119.301375,113.291625,101.3955,113.568,98.890125,108.02999999999999,115.26412499999999,0.295,0.335,0.315,0.275,0.315,0.27,0.3,0.32,
112.79287500000001,110.059875,109.16399999999999,100.70662499999999,119.31862499999998,110.196375,113.358375,109.44637499999999,0.315,0.305,0.3,0.27,0.335,0.305,0.315,0.305,
101.068125,106.82924999999999,122.11275,98.367,112.65899999999999,104.82225000000001,96.10725000000001,100.51762500000001,0.275,0.29,0.345,0.265,0.315,0.285,0.255,0.27,
96.23212500000001,88.00575,103.35675,123.22837499999999,107.508375,100.76362499999999,112.49962500000001,99.95175000000002,0.26,0.23,0.28,0.345,0.295,0.275,0.315,0.27,
114.2295,96.147,99.46650000000001,120.3825,104.845875,113.351625,108.41025,113.48325000000001,0.32,0.26,0.27,0.34,0.285,0.315,0.3,0.315,
92.08725,99.34387500000001,86.0085,97.21837500000001,109.40512500000001,104.98949999999999,100.92412499999999,108.79912499999999,0.245,0.27,0.225,0.265,0.3,0.285,0.275,0.3,
118.015125,110.57175000000001,95.30137500000001,95.14274999999999,100.00200000000001,105.43275,104.03625000000001,99.49199999999999,0.33,0.31,0.255,0.255,0.27,0.29,0.285,0.27,
122.284125,111.831,104.73037500000001,116.346375,101.77125,84.76199999999999,109.66162499999999,128.871,0.345,0.31,0.285,0.325,0.275,0.22,0.3,0.365,
111.80475000000001,110.10112500000001,124.75200000000001,94.919625,103.40137500000002,102.50362500000001,99.22425000000001,94.993875,0.31,0.305,0.355,0.255,0.28,0.28,0.27,0.255,
125.86949999999999,132.142125,97.66799999999999,106.95225,130.04775,125.01825000000001,103.021125,110.56649999999999,0.355,0.38,0.265,0.295,0.37,0.355,0.28,0.305,
102.771,129.231375,98.572125,115.39687500000001,119.51362499999999,109.9455,130.864125,106.48275,0.28,0.37,0.265,0.32,0.335,0.305,0.375,0.295,
113.00625000000001,89.1255,131.607375,99.49837500000001,100.28399999999999,93.99074999999999,106.55362500000001,106.27012500000001,0.315,0.235,0.375,0.27,0.275,0.25,0.295,0.29,
113.30025000000002,85.696125,124.335,102.483,94.367625,124.32937500000001,95.11575,112.63050000000001,0.315,0.225,0.35,0.28,0.255,0.35,0.255,0.31,
113.667,99.54112499999998,108.19725000000001,98.00475,116.583375,91.751625,108.877875,104.770875,0.315,0.27,0.295,0.265,0.325,0.245,0.3,0.29,
108.735375,108.241875,90.767625,127.729125,107.07187499999999,121.52250000000001,91.015125,110.141625,0.3,0.295,0.24,0.36,0.295,0.345,0.24,0.3,
118.975875,110.140125,106.426125,115.769625,110.19375000000001,101.313375,109.755,95.9475,0.335,0.305,0.295,0.32,0.305,0.275,0.3,0.26,
89.205,96.3495,98.13825,111.03562500000001,88.271625,112.813875,96.507375,104.157,0.235,0.26,0.265,0.305,0.235,0.315,0.26,0.285,
109.255875,106.671375,94.6785,91.538625,80.28225,92.836125,131.033625,100.52624999999999,0.3,0.295,0.255,0.24,0.205,0.25,0.375,0.27,
102.69975,120.62849999999999,103.84462500000001,100.48125,100.12462500000001,125.11725000000001,103.02075,100.741125,0.28,0.34,0.285,0.275,0.27,0.355,0.28,0.275,
102.3675,98.394375,119.27587500000001,101.94899999999998,104.09962499999999,125.9565,101.920875,111.75037499999999,0.28,0.265,0.335,0.28,0.285,0.355,0.275,0.305,
114.80475000000001,116.06512500000001,112.58250000000001,116.9205,117.454875,83.27325,95.033625,103.71824999999998,0.32,0.325,0.31,0.325,0.33,0.215,0.255,0.285,
111.021375,100.84649999999999,119.89162500000002,101.97975000000001,90.98775,114.68625,107.032125,121.19812499999999,0.31,0.275,0.335,0.28,0.245,0.32,0.295,0.34,
104.523375,98.563875,99.25687500000001,94.08862500000001,100.41675000000001,97.01437499999999,110.76262500000001,102.6465,0.285,0.265,0.27,0.25,0.275,0.26,0.305,0.28,
104.81624999999998,99.42975000000001,94.7565,88.61325000000001,99.118875,101.564625,106.16625,109.49324999999999,0.285,0.27,0.25,0.23,0.27,0.275,0.29,0.305,
91.3605,96.25125,110.54587499999998,107.070375,110.94262499999999,104.696625,115.98412499999999,113.70337500000001,0.245,0.26,0.305,0.29,0.305,0.285,0.325,0.315,
90.52762499999999,116.011125,93.43725,100.5435,109.6245,91.385625,109.49250000000002,114.151875,0.24,0.325,0.25,0.275,0.305,0.245,0.305,0.32,
107.99025,111.11625,100.1415,104.30249999999998,114.82874999999999,130.89375,106.81500000000001,105.5475,0.295,0.31,0.27,0.285,0.32,0.375,0.29,0.29,
108.551625,109.902,116.260125,112.10737499999999,98.980125,105.403125,103.333125,99.78675000000001,0.3,0.305,0.325,0.31,0.27,0.29,0.285,0.27,
120.96337500000001,101.64825,90.198,115.48275000000001,82.258125,106.854,117.7995,113.39999999999998,0.34,0.275,0.24,0.325,0.215,0.295,0.33,0.315,
96.33375,114.47625,106.447875,108.920625,130.537125,117.9615,115.51424999999999,116.07787499999999,0.26,0.32,0.29,0.3,0.375,0.33,0.32,0.325,
108.74324999999999,115.89524999999999,116.313,118.30425000000001,114.07687499999999,76.93237500000001,90.66562499999999,101.07449999999999,0.3,0.325,0.325,0.33,0.315,0.195,0.245,0.275,
114.2415,104.67375,94.42724999999999,99.50212499999999,92.070375,119.77575,112.17375,101.671875,0.32,0.29,0.25,0.27,0.245,0.335,0.31,0.275,
88.6485,109.57537500000001,108.14475000000002,93.70875,103.04212500000001,108.994125,121.31700000000001,111.61874999999999,0.235,0.305,0.3,0.25,0.28,0.3,0.345,0.31,
119.51962499999999,111.468,113.251875,105.288375,103.57350000000001,112.672125,92.25525,104.05312500000001,0.335,0.31,0.315,0.29,0.28,0.315,0.245,0.285,
117.52425000000001,118.296,92.01299999999999,106.21724999999999,112.979625,99.048,101.02687499999999,117.485625,0.33,0.33,0.245,0.29,0.315,0.27,0.275,0.33,
117.69899999999998,101.716875,121.21462499999998,100.715625,104.516625,100.9005,105.98362499999999,105.860625,0.33,0.275,0.34,0.27,0.285,0.275,0.29,0.29,
110.266125,100.13212499999999,99.82650000000001,122.48287499999998,104.76675,107.54325,99.02775,123.663375,0.305,0.27,0.27,0.345,0.29,0.295,0.265,0.35,
112.50562499999998,100.55775,103.81575,110.26275,101.36250000000001,105.734625,121.383,105.42150000000001,0.31,0.275,0.285,0.305,0.275,0.29,0.345,0.29,
89.914125,123.940875,97.319625,105.7755,110.931375,117.335625,97.71712500000001,113.3265,0.24,0.35,0.26,0.29,0.305,0.33,0.265,0.315,
91.053,119.39249999999998,111.721875,99.782625,95.08312500000001,90.319125,101.37787499999999,111.24525000000001,0.24,0.335,0.31,0.27,0.255,0.24,0.275,0.31,
86.865375,119.90925,93.88387499999999,90.201,117.72675,103.689375,96.86625,111.666,0.23,0.335,0.25,0.24,0.33,0.285,0.26,0.31,
98.15775,110.73375,114.981,104.689125,99.769125,84.537,95.172375,87.9615,0.265,0.305,0.32,0.29,0.27,0.22,0.255,0.23,
89.870625,109.87125,95.913375,107.18549999999999,109.27275,97.815375,117.30075000000001,86.22825,0.24,0.305,0.255,0.295,0.3,0.265,0.33,0.225,
89.644125,113.206875,107.618625,106.81687500000001,117.88050000000001,90.577125,99.51599999999999,105.02475000000001,0.235,0.315,0.295,0.295,0.33,0.24,0.27,0.29,
100.77449999999999,82.157625,98.89875,81.86625000000001,112.48725,119.10974999999999,95.5725,135.720375,0.275,0.21,0.27,0.21,0.31,0.335,0.255,0.39,
102.43387499999999,83.180625,84.27075,103.77375,106.86187500000001,124.58399999999999,94.812,109.97475000000001,0.28,0.22,0.22,0.285,0.295,0.355,0.255,0.305,
105.018,103.1505,118.92525,93.99074999999999,127.047375,123.59475,100.68675,103.6035,0.29,0.285,0.335,0.25,0.355,0.35,0.27,0.285,
85.044,120.52874999999999,107.76412499999999,108.78637499999998,112.34625000000001,106.869375,100.78537500000002,102.55950000000001,0.22,0.34,0.295,0.3,0.315,0.295,0.275,0.28,
115.20412500000002,103.057125,78.40837499999999,103.87875,112.00349999999999,101.98725,90.00224999999999,118.848,0.32,0.28,0.2,0.285,0.31,0.28,0.24,0.335,
91.98225,99.39000000000001,89.5845,86.482125,105.756,104.99962500000001,116.25375,110.682,0.245,0.27,0.235,0.225,0.29,0.29,0.325,0.305,
100.58662499999998,93.38775,105.69262499999998,88.921875,111.01275,108.52875,121.54425,98.20125,0.275,0.25,0.29,0.235,0.31,0.3,0.345,0.265,
92.42962499999999,107.67075,126.57675,108.95587499999999,84.57000000000001,108.20812500000001,85.476375,98.08387499999999,0.25,0.295,0.36,0.3,0.22,0.3,0.225,0.265,
115.81312499999999,87.652125,94.880625,96.6555,109.189875,84.873,105.372375,101.17837499999999,0.325,0.23,0.255,0.26,0.3,0.22,0.29,0.275,
104.69924999999999,102.35925,106.180125,100.71225000000001,79.898625,93.81637500000001,100.01737500000002,99.7365,0.285,0.28,0.29,0.275,0.205,0.25,0.27,0.27,
96.195375,103.31775,101.380875,104.3115,95.19975,90.26962499999999,109.36800000000001,111.64762499999999,0.26,0.28,0.275,0.285,0.255,0.24,0.305,0.31,
107.53162499999999,89.061,96.594,120.71624999999999,103.06237499999999,101.337375,87.63225,99.46050000000001,0.295,0.235,0.26,0.34,0.28,0.275,0.23,0.27,
118.802625,104.278875,86.172375,91.88137499999999,82.23225000000001,100.98787499999999,104.305125,87.637125,0.335,0.285,0.23,0.245,0.215,0.275,0.285,0.23,
103.667625,96.50475,100.936125,94.483875,86.035875,111.96674999999999,97.18725,108.695625,0.285,0.26,0.275,0.255,0.225,0.315,0.26,0.3,
83.188875,104.31375000000001,107.08125000000001,94.24575,113.211375,102.12975,91.527375,90.784125,0.215,0.285,0.295,0.255,0.315,0.28,0.245,0.24,
113.89500000000001,98.26425,91.619625,82.54575000000001,97.261875,101.631,109.458375,98.971125,0.32,0.265,0.245,0.215,0.265,0.275,0.305,0.27,
99.55912499999998,93.487875,113.661,93.5025,100.33912500000002,103.02075,96.93599999999999,83.943375,0.27,0.25,0.315,0.25,0.275,0.28,0.26,0.22,
107.70374999999999,100.841625,105.09112499999999,101.62462500000001,85.35262499999999,105.64949999999999,102.12375,110.07675000000002,0.295,0.275,0.29,0.28,0.22,0.29,0.28,0.305,
93.61275,84.2805,104.709,85.123125,90.58987499999999,98.546625,97.15350000000001,99.68249999999999,0.25,0.22,0.285,0.225,0.24,0.265,0.26,0.27,
113.50012500000001,94.612125,92.6595,102.12975,93.933375,95.366625,76.157625,112.882125,0.315,0.255,0.25,0.275,0.25,0.255,0.195,0.315,
112.91175,97.11,93.119625,104.949,107.64562500000001,88.940625,96.34725,115.60425000000001,0.315,0.265,0.25,0.285,0.3,0.23,0.255,0.325,
103.55775,99.1395,83.00699999999999,93.731625,94.2,102.46012499999999,102.26549999999997,110.586375,0.285,0.265,0.215,0.25,0.255,0.28,0.28,0.305,
105.86512499999999,103.954125,110.883375,94.80375000000001,97.28625,128.02575,87.46237500000001,122.11012500000001,0.29,0.285,0.305,0.255,0.26,0.365,0.23,0.34,
126.10499999999999,81.2175,96.582375,100.342875,93.63,120.007125,94.211625,102.822375,0.355,0.21,0.26,0.275,0.25,0.34,0.255,0.28,
89.10225,119.02162500000001,93.793875,101.21887500000003,112.48237499999999,105.253125,111.732,106.03762499999999,0.235,0.335,0.25,0.275,0.315,0.29,0.31,0.29,
98.185125,94.91137499999999,97.702875,102.86850000000001,83.795625,101.53537500000002,116.346375,113.899875,0.265,0.255,0.265,0.28,0.22,0.275,0.325,0.315,
118.328625,103.493625,92.06925,92.683125,102.53475,99.8205,117.8385,100.690875,0.335,0.28,0.245,0.245,0.28,0.27,0.33,0.275,
105.021375,100.87200000000001,87.886875,109.88362500000001,113.31375,92.56875000000001,110.14237500000002,102.22612500000001,0.285,0.275,0.23,0.3,0.315,0.25,0.305,0.28,
98.90849999999999,97.76025000000001,107.14049999999999,109.11675,105.05362500000001,106.886625,83.4015,120.13837500000001,0.265,0.265,0.295,0.3,0.29,0.295,0.215,0.335,
83.65725,96.5895,94.253625,107.16749999999999,95.17275,127.58025,94.06762499999999,126.80512499999999,0.215,0.255,0.25,0.295,0.255,0.365,0.25,0.36,
110.68724999999999,82.94775000000001,82.57650000000001,95.3865,91.86675,99.302625,111.63149999999999,95.069625,0.305,0.215,0.215,0.255,0.245,0.27,0.31,0.255,
101.51962499999999,91.060875,105.84,91.72425,94.776375,102.58575,104.686875,117.64275,0.275,0.245,0.29,0.245,0.255,0.28,0.285,0.33,
95.28899999999999,95.36625,90.24337499999999,116.444625,96.50437500000001,117.640125,86.21325,94.812375,0.255,0.255,0.24,0.325,0.26,0.33,0.225,0.255,
93.3,83.439,91.07212500000001,109.09387500000001,97.52400000000002,106.249125,104.37225000000001,103.16212499999999,0.25,0.215,0.24,0.3,0.265,0.295,0.29,0.28,
97.972875,105.234375,90.674625,87.45487499999999,90.02925,83.565375,83.87812500000001,103.78237499999999,0.265,0.29,0.24,0.23,0.24,0.215,0.215,0.285,
91.538625,102.50512499999999,93.957375,101.99925,107.43225,98.70299999999999,103.613625,99.86062500000001,0.245,0.28,0.25,0.28,0.295,0.27,0.285,0.27,
91.87462500000001,112.50675000000001,109.89599999999999,100.96012499999999,78.66262499999999,105.61762499999999,94.32225,118.91737499999999,0.245,0.315,0.305,0.275,0.2,0.29,0.255,0.335,
103.20375,93.22125,106.01737500000002,91.029375,94.105125,133.735125,103.47187500000001,101.35875,0.28,0.25,0.295,0.24,0.25,0.385,0.28,0.275,
111.52575,96.868875,87.2835,94.08862500000001,85.951125,104.406,107.04525000000001,96.903375,0.31,0.26,0.225,0.25,0.225,0.285,0.295,0.26,
107.114625,92.4045,116.403,116.18325,107.246625,103.75162499999999,97.83075000000001,92.689875,0.295,0.245,0.325,0.325,0.295,0.285,0.265,0.245,
95.923125,94.04962499999999,106.42537499999999,98.26575000000001,103.849875,99.3255,91.236,97.528875,0.255,0.25,0.29,0.265,0.285,0.265,0.245,0.265,
99.67125,113.10149999999999,93.7095,93.582375,107.336625,90.88875,95.62275,101.457375,0.27,0.315,0.25,0.25,0.295,0.24,0.255,0.275,
111.14475000000002,94.64175,90.57675000000002,117.469875,101.00062499999999,97.84387500000001,110.077125,107.74499999999999,0.31,0.255,0.24,0.325,0.275,0.265,0.305,0.295,
97.716375,95.55300000000001,97.55025,102.645,118.00649999999999,109.786875,109.194375,94.030125,0.265,0.255,0.265,0.28,0.33,0.305,0.3,0.25,
98.1555,85.57124999999999,116.273625,115.92037499999999,88.38675,108.81562500000001,96.21412500000001,100.23787499999999,0.265,0.225,0.325,0.325,0.235,0.3,0.26,0.27,
105.02999999999999,103.66537500000001,83.050125,87.11512499999999,101.523375,114.831,102.36075,119.27024999999999,0.29,0.28,0.215,0.23,0.275,0.32,0.28,0.335,
81.998625,80.050875,107.68950000000001,106.833,97.26262500000001,112.65674999999999,114.50212499999999,107.15587500000001,0.21,0.205,0.295,0.295,0.26,0.31,0.32,0.295,
93.35025,79.2495,109.05225,97.91324999999999,103.666875,97.23899999999999,100.96387500000002,110.9655,0.25,0.205,0.3,0.265,0.285,0.26,0.275,0.31,
97.153875,107.095875,105.04762500000001,96.787125,88.402875,87.19537500000001,80.70375,109.1955,0.26,0.295,0.285,0.26,0.23,0.23,0.21,0.305,
86.326875,95.42625000000001,93.480375,94.44825,98.23575,95.85825000000001,100.82625,103.2465,0.225,0.255,0.25,0.255,0.265,0.26,0.275,0.28,
108.92699999999999,98.556375,103.82549999999999,75.98700000000001,81.396,110.676375,105.25912500000001,107.24025,0.3,0.27,0.285,0.19,0.21,0.31,0.29,0.295,
109.09124999999999,105.67349999999999,112.19325,83.90475,103.3785,115.267875,100.664625,95.7735,0.3,0.29,0.31,0.22,0.285,0.32,0.275,0.255,
97.03237499999999,105.76162500000001,97.99425,85.79925,96.563625,111.56400000000001,110.33324999999999,99.06975,0.26,0.29,0.265,0.225,0.26,0.31,0.31,0.265,
93.87225000000001,99.395625,96.96112500000001,89.72025,100.23262499999998,96.07537500000001,111.276,94.56675,0.25,0.27,0.26,0.235,0.275,0.26,0.305,0.255,
95.29837500000001,117.33637499999999,99.07650000000001,104.30100000000002,104.416875,93.14175,93.783,91.78875000000001,0.255,0.33,0.265,0.285,0.29,0.25,0.25,0.245,
96.448875,92.48475,93.30712500000001,101.37299999999999,92.69925,125.43412500000001,91.614375,108.23362499999999,0.26,0.245,0.25,0.28,0.245,0.355,0.245,0.3,
93.069,108.39524999999999,96.12112499999999,110.81362499999999,102.6465,93.431625,107.37712499999999,102.18862499999999,0.25,0.3,0.26,0.305,0.28,0.25,0.295,0.275,
91.62374999999999,115.051125,101.00250000000001,111.890625,100.074,99.72187500000001,98.10900000000001,120.20849999999999,0.245,0.32,0.275,0.31,0.275,0.27,0.265,0.34,
104.03325000000001,93.59062499999999,82.878,88.297875,99.63412500000001,108.89549999999998,109.95150000000001,96.054375,0.285,0.25,0.215,0.23,0.27,0.3,0.305,0.26,
93.69112500000001,101.02162500000001,95.4885,82.432875,96.20062499999999,89.97975,98.002875,93.901125,0.25,0.275,0.255,0.21,0.26,0.24,0.265,0.25,
88.75349999999999,94.42537499999999,113.27850000000001,91.439625,100.50525,98.06175,102.79987499999999,106.401,0.235,0.255,0.32,0.245,0.275,0.265,0.28,0.295,
85.8735,103.530375,108.65775000000001,105.26100000000001,95.460375,93.78375,89.14500000000001,95.275875,0.225,0.285,0.3,0.285,0.255,0.25,0.235,0.255,
93.768,83.27287500000001,89.322,95.49525,99.23887500000001,112.92299999999999,98.03662499999999,79.471875,0.25,0.215,0.235,0.255,0.27,0.315,0.265,0.205,
94.042125,101.7825,99.069375,92.239875,103.73174999999999,89.46525000000001,100.436625,99.63374999999999,0.255,0.275,0.27,0.245,0.285,0.235,0.275,0.27,
106.79399999999998,89.159625,87.0795,90.773625,96.307125,83.60587500000001,105.643875,99.18637500000001,0.295,0.235,0.23,0.245,0.26,0.215,0.29,0.27,
105.48599999999999,102.02587500000001,96.4815,106.652625,90.6165,88.8315,104.85712500000001,100.72425000000001,0.29,0.28,0.26,0.295,0.24,0.235,0.285,0.275,
88.852125,89.69962500000001,77.527125,102.580875,113.141625,87.78375,99.79612499999999,93.219375,0.235,0.235,0.195,0.28,0.315,0.23,0.27,0.25,
99.880875,105.181875,101.51887499999998,72.65700000000001,89.5185,110.545125,98.121375,85.51650000000001,0.27,0.29,0.275,0.18,0.235,0.305,0.265,0.225,
96.52425000000001,115.56937500000001,99.82125,104.244375,85.392375,102.40462500000001,91.6125,94.047375,0.26,0.32,0.27,0.285,0.225,0.28,0.245,0.25,
107.07150000000001,116.18249999999999,97.9635,91.66987499999999,87.90075,101.449125,104.65162500000001,82.08262500000001,0.295,0.325,0.265,0.245,0.235,0.275,0.29,0.21,
90.229125,91.54199999999999,93.208875,106.80337499999999,100.984875,85.979625,96.028125,98.193375,0.24,0.245,0.25,0.29,0.275,0.225,0.26,0.265,
100.44000000000001,85.602375,99.30224999999999,85.8735,76.98187499999999,94.42875,83.580375,91.159875,0.275,0.225,0.27,0.225,0.195,0.255,0.215,0.24,
85.089375,98.16525,83.26462500000001,95.43525,104.47987499999999,80.03625000000001,97.77675,98.94000000000001,0.22,0.265,0.215,0.255,0.285,0.205,0.265,0.27,
109.11524999999999,90.025875,84.992625,105.67387500000001,105.849,94.48312499999999,94.57275000000001,93.157125,0.305,0.24,0.22,0.29,0.29,0.255,0.255,0.25,
108.229875,72.834375,95.724,102.579375,88.42725,89.20875,102.3345,97.114125,0.3,0.18,0.26,0.28,0.235,0.235,0.28,0.26,
108.595875,93.532125,88.16737499999999,104.06212500000001,91.251,98.761875,111.43875000000001,100.62487499999999,0.3,0.245,0.23,0.285,0.245,0.27,0.31,0.275,
99.63974999999999,107.210625,93.855,104.80199999999999,93.384375,96.55199999999999,97.82775000000001,91.0665,0.27,0.295,0.255,0.285,0.25,0.26,0.265,0.24,
86.331,94.31025000000001,93.571125,99.737625,87.71437499999999,105.95700000000001,101.49600000000001,108.274125,0.225,0.25,0.25,0.27,0.23,0.285,0.275,0.3,
79.40587500000001,108.7905,95.06062500000002,99.04462500000001,95.71612499999999,102.488625,83.55975000000001,107.64,0.205,0.3,0.255,0.27,0.255,0.28,0.22,0.295,
83.6445,95.66925,104.41575,91.644375,106.408125,109.95225,101.4885,89.155875,0.215,0.26,0.285,0.245,0.295,0.305,0.275,0.235,
91.62675,113.251875,93.33449999999999,83.21775,90.46425,89.21100000000001,98.9565,93.973125,0.245,0.315,0.25,0.215,0.24,0.235,0.27,0.25,
98.782875,80.09249999999999,98.55487500000001,93.734625,96.50250000000001,101.62575000000001,88.97999999999999,88.64699999999999,0.27,0.205,0.265,0.25,0.26,0.275,0.24,0.235,
