99.7855,101.2495,68.897,89.17749999999998,98.976,85.875,80.6105,71.65,0.28,0.2866666666666667,0.18666666666666668,0.25333333333333335,0.28,0.24,0.22666666666666666,0.2,
68.582,77.559,92.1595,80.482,79.6975,112.8005,76.9825,84.64750000000001,0.19333333333333333,0.22,0.26,0.22666666666666666,0.22666666666666666,0.32666666666666666,0.21333333333333335,0.24,
86.9135,99.24749999999999,95.271,82.081,94.3125,113.726,96.4155,101.1775,0.24666666666666667,0.28,0.26666666666666666,0.22666666666666666,0.26666666666666666,0.32666666666666666,0.2733333333333333,0.2866666666666667,
96.1735,82.358,92.929,94.4165,89.43749999999999,69.3265,86.87699999999998,94.652,0.2733333333333333,0.23333333333333334,0.26666666666666666,0.2733333333333333,0.25333333333333335,0.19333333333333333,0.24666666666666667,0.26666666666666666,
79.9555,81.7095,97.24200000000002,104.2385,100.191,86.7935,93.13,93.58599999999998,0.22,0.22666666666666666,0.2733333333333333,0.3,0.2866666666666667,0.24666666666666667,0.26666666666666666,0.26666666666666666,
84.607,83.35649999999998,81.4175,77.4905,91.10950000000001,98.6695,84.3885,66.155,0.24,0.23333333333333334,0.23333333333333334,0.22,0.25333333333333335,0.28,0.24,0.18666666666666668,
88.65350000000001,97.31,99.9055,82.615,85.211,83.7655,80.2675,94.96100000000001,0.25333333333333335,0.2733333333333333,0.29333333333333333,0.23333333333333334,0.24,0.23333333333333334,0.22666666666666666,0.26666666666666666,
102.97650000000002,84.9785,105.532,66.855,94.126,90.39400000000002,104.6035,77.19,0.29333333333333333,0.24666666666666667,0.3,0.18666666666666668,0.26666666666666666,0.26,0.3,0.22,
92.3715,80.3475,108.0555,86.2685,81.1085,93.53200000000001,67.02,83.52950000000001,0.26666666666666666,0.22666666666666666,0.30666666666666664,0.24666666666666667,0.23333333333333334,0.2733333333333333,0.19333333333333333,0.24,
78.09,85.4045,92.824,86.6185,74.444,100.18800000000002,84.2465,116.737,0.22,0.24,0.26,0.24666666666666667,0.20666666666666667,0.2866666666666667,0.24,0.3333333333333333,
78.8815,84.97450000000002,83.5615,107.5685,104.189,84.8725,83.0355,106.5465,0.22,0.24666666666666667,0.24,0.30666666666666664,0.3,0.24,0.23333333333333334,0.30666666666666664,
88.312,89.59400000000001,91.05199999999999,89.7885,96.5995,93.96750000000002,88.51050000000001,85.5885,0.25333333333333335,0.25333333333333335,0.26,0.25333333333333335,0.2733333333333333,0.26666666666666666,0.25333333333333335,0.24,
114.325,74.6645,93.2895,87.906,102.2695,84.701,79.491,102.45450000000001,0.32666666666666666,0.21333333333333335,0.26666666666666666,0.24666666666666667,0.3,0.23333333333333334,0.22666666666666666,0.2866666666666667,
87.255,92.205,80.4245,78.8365,115.4405,75.0065,119.215,104.3265,0.24666666666666667,0.26666666666666666,0.22666666666666666,0.22,0.32666666666666666,0.21333333333333335,0.3466666666666667,0.3,
79.6575,101.2105,95.975,90.7385,73.253,82.659,73.1885,87.11,0.22666666666666666,0.2866666666666667,0.2733333333333333,0.26,0.20666666666666667,0.24,0.20666666666666667,0.24666666666666667,
77.9275,60.64,79.622,70.7415,72.02,92.17699999999999,89.624,81.172,0.22,0.16,0.22666666666666666,0.19333333333333333,0.2,0.26,0.26,0.22666666666666666,
68.648,90.6935,75.935,106.0905,73.193,94.789,90.8925,90.996,0.18666666666666668,0.26,0.22,0.30666666666666664,0.20666666666666667,0.2733333333333333,0.25333333333333335,0.26,
94.975,87.039,105.0475,80.5605,105.0405,107.527,81.43800000000002,108.0695,0.2733333333333333,0.24,0.29333333333333333,0.22666666666666666,0.3,0.30666666666666664,0.22666666666666666,0.31333333333333335,
106.7245,79.1515,90.148,74.5765,95.1935,75.61850000000001,100.664,82.926,0.30666666666666664,0.22666666666666666,0.25333333333333335,0.20666666666666667,0.26666666666666666,0.21333333333333335,0.2866666666666667,0.22666666666666666,
88.80999999999999,97.6705,94.991,104.819,78.639,84.605,99.02100000000002,100.0705,0.24666666666666667,0.28,0.2733333333333333,0.3,0.22666666666666666,0.23333333333333334,0.2866666666666667,0.2866666666666667,
105.493,85.754,74.291,93.0065,91.185,91.30799999999999,81.1385,95.064,0.3,0.24,0.20666666666666667,0.26,0.26,0.25333333333333335,0.22666666666666666,0.26666666666666666,
104.4375,92.3665,104.1545,81.441,82.977,78.255,99.3815,102.286,0.30666666666666664,0.26666666666666666,0.3,0.22666666666666666,0.23333333333333334,0.22,0.2866666666666667,0.29333333333333333,
91.8805,77.06,74.9705,68.997,85.2525,83.412,79.75450000000001,95.0775,0.26,0.22,0.21333333333333335,0.19333333333333333,0.24666666666666667,0.23333333333333334,0.22666666666666666,0.2733333333333333,
90.6685,95.004,102.118,74.0515,74.362,67.735,92.9195,88.312,0.26,0.26666666666666666,0.29333333333333333,0.20666666666666667,0.20666666666666667,0.18666666666666668,0.26666666666666666,0.25333333333333335,
90.018,78.451,71.8835,120.369,112.73349999999999,88.3085,96.959,98.9035,0.26,0.22,0.2,0.3466666666666667,0.32666666666666666,0.24666666666666667,0.2733333333333333,0.28,
80.02849999999998,80.687,84.3885,82.9175,78.0685,101.5375,72.066,90.43299999999999,0.22666666666666666,0.22666666666666666,0.24,0.23333333333333334,0.22,0.2866666666666667,0.2,0.26,
75.45,73.6995,96.1215,101.6605,97.1715,90.62249999999999,86.12650000000001,91.33600000000001,0.21333333333333335,0.20666666666666667,0.2733333333333333,0.2866666666666667,0.28,0.25333333333333335,0.24,0.26,
89.50799999999998,88.00650000000002,97.05299999999998,73.736,75.981,89.41999999999999,70.3865,83.7845,0.26,0.25333333333333335,0.2733333333333333,0.21333333333333335,0.21333333333333335,0.24666666666666667,0.2,0.24,
88.638,97.631,66.799,106.596,65.78999999999999,80.44649999999999,86.444,75.86250000000001,0.25333333333333335,0.28,0.18666666666666668,0.3,0.18,0.22666666666666666,0.24666666666666667,0.21333333333333335,
81.453,67.426,75.1585,87.287,89.395,61.12499999999999,88.2405,94.5525,0.22666666666666666,0.19333333333333333,0.21333333333333335,0.24666666666666667,0.25333333333333335,0.16666666666666666,0.25333333333333335,0.26666666666666666,
81.033,87.86949999999999,109.5875,90.97000000000001,95.48300000000002,77.53500000000001,86.987,78.93,0.23333333333333334,0.25333333333333335,0.31333333333333335,0.26,0.2733333333333333,0.22,0.24666666666666667,0.22,
93.826,92.352,121.739,94.5515,70.853,104.097,93.134,87.1335,0.26666666666666666,0.26666666666666666,0.3466666666666667,0.2733333333333333,0.2,0.3,0.26666666666666666,0.25333333333333335,
73.73349999999999,102.318,77.806,81.426,96.251,106.47,76.311,91.934,0.20666666666666667,0.29333333333333333,0.22,0.22666666666666666,0.28,0.30666666666666664,0.22,0.26,
91.50950000000002,82.112,89.772,90.6795,73.087,95.102,72.4405,86.0425,0.26,0.23333333333333334,0.25333333333333335,0.26,0.20666666666666667,0.2733333333333333,0.2,0.24666666666666667,
91.70249999999999,67.7505,71.786,91.3635,106.5845,82.1695,80.889,92.53,0.26,0.18666666666666668,0.2,0.26,0.30666666666666664,0.22666666666666666,0.22666666666666666,0.26,
65.2465,76.07150000000001,106.8655,71.075,96.13550000000001,96.67699999999999,84.31450000000001,79.8555,0.18666666666666668,0.21333333333333335,0.3,0.2,0.2733333333333333,0.28,0.23333333333333334,0.22666666666666666,
94.6595,92.168,75.0815,87.6005,96.872,94.7495,101.9945,97.0655,0.26666666666666666,0.26,0.20666666666666667,0.24666666666666667,0.28,0.26666666666666666,0.2866666666666667,0.28,
71.115,99.938,114.1015,96.315,82.2705,74.6695,102.707,76.0325,0.2,0.28,0.32666666666666666,0.2733333333333333,0.23333333333333334,0.20666666666666667,0.29333333333333333,0.21333333333333335,
76.8145,87.754,85.6135,98.16,78.783,74.0375,79.746,122.955,0.21333333333333335,0.24666666666666667,0.24666666666666667,0.28,0.22,0.20666666666666667,0.23333333333333334,0.35333333333333333,
101.131,80.70799999999998,86.0615,86.5855,105.2575,98.9575,71.6805,79.3805,0.29333333333333333,0.22666666666666666,0.24666666666666667,0.24,0.3,0.28,0.2,0.22666666666666666,
94.867,86.42449999999998,84.7245,86.568,100.4735,87.44,99.24749999999999,96.82549999999999,0.2733333333333333,0.24,0.24,0.24666666666666667,0.2866666666666667,0.24666666666666667,0.2866666666666667,0.28,
86.5405,96.242,93.094,81.1155,91.2295,93.6455,86.434,92.813,0.24666666666666667,0.2733333333333333,0.26666666666666666,0.22666666666666666,0.25333333333333335,0.26666666666666666,0.24666666666666667,0.26666666666666666,
65.1425,74.5405,79.664,85.3625,78.766,85.559,87.984,114.82900000000001,0.18666666666666668,0.21333333333333335,0.22666666666666666,0.24,0.22,0.24,0.25333333333333335,0.32666666666666666,
83.77200000000002,82.2435,86.237,77.885,93.082,91.31899999999999,120.4105,95.801,0.24,0.23333333333333334,0.24,0.22,0.26666666666666666,0.26,0.3466666666666667,0.26666666666666666,
90.5165,107.71749999999999,76.5535,70.0025,85.64150000000001,102.781,96.12950000000001,82.48,0.26,0.30666666666666664,0.21333333333333335,0.2,0.24666666666666667,0.29333333333333333,0.2733333333333333,0.23333333333333334,
104.9555,75.3165,103.1765,102.57,113.34549999999999,85.2215,88.16,74.0185,0.3,0.21333333333333335,0.3,0.3,0.32666666666666666,0.24666666666666667,0.24666666666666667,0.20666666666666667,
95.249,66.5475,94.557,100.8925,98.6365,96.56,93.407,78.318,0.2733333333333333,0.18666666666666668,0.2733333333333333,0.29333333333333333,0.2866666666666667,0.2733333333333333,0.26666666666666666,0.22,
72.0935,82.438,93.91,105.10849999999999,102.388,70.712,92.3405,121.138,0.20666666666666667,0.23333333333333334,0.26666666666666666,0.3,0.29333333333333333,0.19333333333333333,0.26,0.3466666666666667,
89.6785,106.156,83.53999999999999,100.20400000000002,91.8385,89.2535,71.979,80.06,0.25333333333333335,0.30666666666666664,0.24,0.28,0.26666666666666666,0.25333333333333335,0.20666666666666667,0.23333333333333334,
110.15650000000001,72.3435,78.07699999999998,73.5905,100.82900000000001,104.3725,92.7755,112.7055,0.31333333333333335,0.20666666666666667,0.22,0.2,0.2866666666666667,0.3,0.26,0.32666666666666666,
89.97849999999998,74.7555,98.8555,68.7435,74.939,78.9145,79.929,76.357,0.26,0.20666666666666667,0.2866666666666667,0.2,0.20666666666666667,0.22666666666666666,0.22,0.21333333333333335,
98.8835,85.9105,79.195,95.76200000000001,85.9125,87.214,86.5485,88.00700000000002,0.28,0.24666666666666667,0.22,0.28,0.24,0.24666666666666667,0.24,0.24666666666666667,
80.362,98.806,89.75199999999998,100.88499999999999,81.952,80.128,88.743,89.5475,0.22666666666666666,0.28,0.26,0.2866666666666667,0.23333333333333334,0.22666666666666666,0.25333333333333335,0.25333333333333335,
117.844,86.0065,109.64999999999999,95.06500000000001,118.9475,77.628,94.962,82.97250000000001,0.34,0.24666666666666667,0.31333333333333335,0.26666666666666666,0.34,0.22,0.2733333333333333,0.23333333333333334,
81.54399999999998,83.23449999999998,89.8325,82.062,101.382,85.502,82.827,63.0525,0.23333333333333334,0.24,0.25333333333333335,0.23333333333333334,0.2866666666666667,0.24,0.23333333333333334,0.18,
90.93650000000001,99.19450000000002,81.903,98.4475,89.76650000000002,93.047,96.72749999999999,82.211,0.26,0.2866666666666667,0.23333333333333334,0.28,0.25333333333333335,0.26666666666666666,0.26666666666666666,0.23333333333333334,
69.7075,102.94,70.0845,89.4405,78.33800000000001,75.9215,70.026,89.85450000000002,0.19333333333333333,0.29333333333333333,0.2,0.25333333333333335,0.22,0.21333333333333335,0.2,0.26,
104.5565,90.74449999999999,93.553,74.6975,90.842,100.34100000000001,81.5185,90.846,0.3,0.26,0.26666666666666666,0.20666666666666667,0.26,0.28,0.22666666666666666,0.26,
82.0175,77.8465,74.983,107.1395,99.3625,102.76949999999998,97.4615,81.2745,0.23333333333333334,0.22,0.20666666666666667,0.31333333333333335,0.2866666666666667,0.29333333333333333,0.2733333333333333,0.24,
99.313,90.48949999999999,96.526,82.9445,88.8735,73.7295,88.9985,83.3775,0.28,0.26,0.28,0.23333333333333334,0.25333333333333335,0.20666666666666667,0.25333333333333335,0.23333333333333334,
92.17449999999998,87.4885,92.282,96.51000000000002,82.6255,103.5615,62.884499999999996,96.94800000000001,0.26666666666666666,0.24666666666666667,0.26,0.2733333333333333,0.24,0.3,0.17333333333333334,0.2733333333333333,
85.8045,118.828,90.4105,89.177,86.346,83.89550000000001,85.5065,94.35050000000001,0.24,0.3466666666666667,0.26,0.25333333333333335,0.24666666666666667,0.23333333333333334,0.24,0.26666666666666666,
90.4685,95.83,111.98550000000002,90.87,92.0805,89.6445,71.108,89.503,0.26,0.2733333333333333,0.32,0.26,0.26666666666666666,0.25333333333333335,0.20666666666666667,0.25333333333333335,
67.695,81.1825,106.345,97.022,91.326,95.57,94.22,89.6715,0.18666666666666668,0.23333333333333334,0.30666666666666664,0.28,0.26666666666666666,0.2733333333333333,0.2733333333333333,0.26,
86.465,75.952,77.653,95.2185,76.45350000000002,85.769,94.76899999999999,84.0585,0.24666666666666667,0.21333333333333335,0.22666666666666666,0.28,0.21333333333333335,0.24666666666666667,0.26666666666666666,0.24,
87.593,80.21800000000002,84.8595,100.9525,77.441,97.761,80.008,91.299,0.24666666666666667,0.22666666666666666,0.24666666666666667,0.2866666666666667,0.21333333333333335,0.28,0.22666666666666666,0.26,
86.663,95.18700000000001,77.60249999999999,92.847,89.4135,89.259,108.586,84.024,0.24666666666666667,0.2733333333333333,0.22,0.26666666666666666,0.25333333333333335,0.25333333333333335,0.30666666666666664,0.24,
93.5175,101.62950000000001,71.084,110.4225,107.95950000000002,93.975,102.2125,75.529,0.26666666666666666,0.29333333333333333,0.2,0.32,0.31333333333333335,0.26666666666666666,0.2866666666666667,0.21333333333333335,
89.0125,82.2295,75.9765,87.25850000000001,88.28699999999999,91.349,112.577,96.1365,0.25333333333333335,0.23333333333333334,0.20666666666666667,0.25333333333333335,0.24666666666666667,0.25333333333333335,0.32666666666666666,0.2733333333333333,
86.487,87.8085,98.84649999999999,84.212,89.86449999999999,99.9625,84.904,76.0425,0.24666666666666667,0.24666666666666667,0.2866666666666667,0.24,0.25333333333333335,0.28,0.24,0.22,
88.312,108.12049999999999,82.02250000000001,97.2995,80.1785,100.1285,93.58449999999999,97.2415,0.24666666666666667,0.31333333333333335,0.22666666666666666,0.2733333333333333,0.22666666666666666,0.2866666666666667,0.26666666666666666,0.2733333333333333,
75.2385,79.8295,86.4505,96.781,83.1455,75.316,74.4375,72.701,0.20666666666666667,0.22666666666666666,0.24,0.28,0.23333333333333334,0.20666666666666667,0.21333333333333335,0.20666666666666667,
90.6635,87.613,75.405,89.7005,102.7185,76.4225,88.0535,105.41849999999998,0.26,0.24666666666666667,0.21333333333333335,0.25333333333333335,0.29333333333333333,0.22,0.24666666666666667,0.3,
104.5715,84.9005,102.90950000000001,76.4475,75.903,97.149,84.5815,96.7255,0.29333333333333333,0.24666666666666667,0.2866666666666667,0.22,0.22,0.2733333333333333,0.24,0.28,
64.0735,82.38049999999998,79.292,87.081,71.77,81.78600000000002,66.00450000000001,77.32699999999998,0.17333333333333334,0.23333333333333334,0.22666666666666666,0.24,0.20666666666666667,0.22666666666666666,0.18,0.22,
93.639,77.231,79.94000000000001,87.03250000000001,102.562,113.6655,78.359,97.62550000000002,0.26666666666666666,0.22,0.22666666666666666,0.24666666666666667,0.29333333333333333,0.3333333333333333,0.21333333333333335,0.2733333333333333,
72.6645,85.928,89.22,89.40349999999998,79.986,76.2165,65.734,78.466,0.2,0.24,0.25333333333333335,0.25333333333333335,0.22666666666666666,0.21333333333333335,0.18666666666666668,0.21333333333333335,
90.245,107.4365,93.7295,96.6885,76.3115,91.931,78.4495,93.474,0.26,0.31333333333333335,0.26666666666666666,0.28,0.21333333333333335,0.26,0.22,0.26666666666666666,
67.9385,78.123,78.6535,87.002,94.031,97.9965,106.622,69.826,0.19333333333333333,0.22,0.22,0.24666666666666667,0.26666666666666666,0.28,0.3,0.19333333333333333,
99.8615,69.47,94.313,75.8195,88.814,96.6765,103.04700000000001,87.9125,0.28,0.2,0.2733333333333333,0.21333333333333335,0.25333333333333335,0.2733333333333333,0.29333333333333333,0.24666666666666667,
89.929,78.157,96.3665,111.053,110.339,90.8765,82.1735,97.41700000000002,0.25333333333333335,0.22,0.28,0.32,0.32,0.26666666666666666,0.23333333333333334,0.28,
102.06900000000002,96.082,87.055,82.8535,98.73349999999999,71.918,76.8995,93.4555,0.2866666666666667,0.2733333333333333,0.24666666666666667,0.23333333333333334,0.28,0.20666666666666667,0.22,0.26666666666666666,
115.57300000000001,91.42099999999999,96.005,77.596,69.47749999999999,81.621,93.25300000000001,92.39150000000001,0.3333333333333333,0.26,0.2733333333333333,0.21333333333333335,0.19333333333333333,0.23333333333333334,0.26666666666666666,0.26,
99.207,93.2075,97.3055,81.47300000000001,80.0125,93.643,66.341,91.44800000000001,0.2866666666666667,0.26,0.28,0.23333333333333334,0.22666666666666666,0.26666666666666666,0.18666666666666668,0.26,
95.511,91.7545,77.788,101.1895,89.504,98.48199999999999,90.0285,76.5195,0.2733333333333333,0.26,0.22,0.29333333333333333,0.26,0.28,0.26,0.22,
104.701,82.03150000000001,99.066,87.9095,80.45400000000001,80.772,107.21100000000001,99.3665,0.3,0.23333333333333334,0.2866666666666667,0.25333333333333335,0.22666666666666666,0.22666666666666666,0.30666666666666664,0.28,
76.9855,85.468,106.8535,81.7475,76.32300000000001,99.5645,96.1555,76.17649999999999,0.22,0.24,0.30666666666666664,0.23333333333333334,0.22,0.2866666666666667,0.2733333333333333,0.21333333333333335,
99.106,81.99600000000001,117.6525,105.161,87.0685,87.215,98.3515,76.3715,0.2866666666666667,0.23333333333333334,0.34,0.3,0.24666666666666667,0.24666666666666667,0.28,0.21333333333333335,
80.1885,109.657,80.70799999999998,88.2585,82.214,96.928,104.05199999999999,100.814,0.22666666666666666,0.31333333333333335,0.23333333333333334,0.25333333333333335,0.23333333333333334,0.2733333333333333,0.3,0.2866666666666667,
80.163,68.3395,90.661,70.375,72.8625,82.2965,77.80799999999999,79.941,0.22666666666666666,0.19333333333333333,0.26,0.2,0.20666666666666667,0.22666666666666666,0.22,0.22666666666666666,
111.0125,86.444,109.14750000000001,107.1015,131.7875,98.783,109.0145,74.731,0.32,0.24,0.31333333333333335,0.30666666666666664,0.38,0.2866666666666667,0.31333333333333335,0.21333333333333335,
84.5255,85.1545,106.274,73.657,95.992,101.556,77.76349999999998,143.207,0.23333333333333334,0.24666666666666667,0.3,0.20666666666666667,0.2733333333333333,0.29333333333333333,0.22,0.41333333333333333,
85.7145,107.9695,90.064,92.17250000000001,81.95400000000001,88.42550000000001,120.868,93.48099999999998,0.24666666666666667,0.30666666666666664,0.26,0.26666666666666666,0.23333333333333334,0.25333333333333335,0.34,0.26666666666666666,
88.5895,78.6875,93.354,106.0875,84.50550000000001,92.11999999999999,102.751,92.8635,0.25333333333333335,0.22,0.26666666666666666,0.30666666666666664,0.24,0.26,0.29333333333333333,0.26,
98.885,97.9085,108.90000000000002,102.8175,89.07300000000001,77.36000000000001,104.56299999999999,92.60900000000001,0.2733333333333333,0.28,0.31333333333333335,0.29333333333333333,0.25333333333333335,0.22,0.3,0.26,
74.0545,80.017,95.6235,97.4935,84.318,86.4345,100.828,90.87950000000001,0.21333333333333335,0.22,0.2733333333333333,0.28,0.23333333333333334,0.24666666666666667,0.2866666666666667,0.26666666666666666,
69.7015,102.162,118.4405,82.7435,77.7535,87.112,79.437,70.543,0.19333333333333333,0.29333333333333333,0.34,0.23333333333333334,0.22,0.24666666666666667,0.22666666666666666,0.19333333333333333,
79.3165,77.6115,97.92499999999998,78.918,76.934,95.0885,85.388,104.0615,0.22666666666666666,0.21333333333333335,0.2733333333333333,0.22666666666666666,0.21333333333333335,0.26666666666666666,0.24,0.29333333333333333,
105.523,100.812,96.6405,79.4765,79.6335,122.9255,81.14250000000001,99.94,0.3,0.2866666666666667,0.2733333333333333,0.22666666666666666,0.22,0.35333333333333333,0.23333333333333334,0.28,
93.96750000000002,94.7475,101.23349999999999,106.152,82.791,103.068,73.9585,80.083,0.26666666666666666,0.26666666666666666,0.2866666666666667,0.30666666666666664,0.23333333333333334,0.29333333333333333,0.20666666666666667,0.22666666666666666,
82.712,90.129,64.8575,93.883,85.953,83.699,69.537,103.531,0.24,0.25333333333333335,0.18666666666666668,0.26666666666666666,0.24,0.23333333333333334,0.2,0.3,
92.7865,85.379,85.8385,91.3505,106.2645,79.873,96.2905,102.17699999999998,0.26,0.24,0.24666666666666667,0.26,0.3,0.22666666666666666,0.2733333333333333,0.29333333333333333,
78.9015,78.5145,64.93299999999999,85.629,99.762,96.3785,80.58350000000002,84.378,0.22666666666666666,0.22,0.18666666666666668,0.24,0.2866666666666667,0.2733333333333333,0.22666666666666666,0.24,
91.797,90.776,99.1045,74.6175,82.768,98.2975,66.604,89.5785,0.26,0.25333333333333335,0.2866666666666667,0.20666666666666667,0.24,0.2866666666666667,0.18666666666666668,0.25333333333333335,
81.464,81.36750000000002,97.695,97.39750000000001,91.3775,101.68949999999998,78.783,91.757,0.23333333333333334,0.22666666666666666,0.28,0.2733333333333333,0.26,0.2866666666666667,0.22666666666666666,0.26,
79.05249999999998,90.163,82.557,103.319,82.919,83.605,86.4015,91.811,0.22,0.25333333333333335,0.23333333333333334,0.29333333333333333,0.24,0.23333333333333334,0.24666666666666667,0.25333333333333335,
91.66850000000001,85.37550000000002,79.4855,92.6645,79.03,98.281,67.4145,84.80799999999999,0.26,0.24,0.22,0.26666666666666666,0.22,0.28,0.18666666666666668,0.24,
73.5465,102.6275,114.063,90.6425,84.1995,100.644,101.919,86.105,0.20666666666666667,0.29333333333333333,0.32666666666666666,0.26,0.24,0.2866666666666667,0.29333333333333333,0.24,
101.088,105.7995,97.7235,84.712,71.984,69.9015,106.769,89.47749999999999,0.2866666666666667,0.3,0.28,0.24,0.19333333333333333,0.19333333333333333,0.30666666666666664,0.26,
95.358,94.294,90.5775,88.7835,94.496,79.8045,89.1765,84.73050000000002,0.26666666666666666,0.26666666666666666,0.26,0.25333333333333335,0.2733333333333333,0.22,0.25333333333333335,0.23333333333333334,
87.6345,96.9015,88.05799999999999,105.92099999999999,98.7095,76.5145,88.7145,89.9885,0.24666666666666667,0.28,0.25333333333333335,0.30666666666666664,0.28,0.22,0.24666666666666667,0.25333333333333335,
102.29749999999999,98.28900000000002,118.8125,69.9785,77.577,75.595,62.873,83.429,0.29333333333333333,0.28,0.34,0.2,0.22,0.21333333333333335,0.17333333333333334,0.23333333333333334,
90.85049999999998,95.657,111.11449999999999,77.7705,87.7205,95.479,81.9205,83.9595,0.26,0.2733333333333333,0.32,0.22,0.24666666666666667,0.26666666666666666,0.24,0.24,
93.48949999999999,97.718,99.1045,95.0085,92.827,87.9545,109.555,83.54550000000002,0.26666666666666666,0.2733333333333333,0.2866666666666667,0.28,0.26666666666666666,0.24666666666666667,0.30666666666666664,0.23333333333333334,
82.0075,92.8015,74.7575,64.772,84.11,82.967,105.0825,120.625,0.22666666666666666,0.26,0.21333333333333335,0.17333333333333334,0.24,0.23333333333333334,0.29333333333333333,0.3466666666666667,
89.3545,98.5035,84.1805,114.4555,98.8435,90.5095,96.753,93.194,0.25333333333333335,0.2733333333333333,0.23333333333333334,0.3333333333333333,0.28,0.25333333333333335,0.28,0.26666666666666666,
94.75,87.324,94.26,84.3255,88.9485,79.7185,94.621,127.539,0.2733333333333333,0.25333333333333335,0.26666666666666666,0.24,0.24666666666666667,0.22,0.26666666666666666,0.36666666666666664,
76.7755,72.9465,108.753,91.16250000000001,86.56399999999998,92.2935,93.06050000000002,94.894,0.22,0.2,0.31333333333333335,0.26,0.24666666666666667,0.26,0.26,0.2733333333333333,
84.231,96.358,123.4405,71.668,76.30799999999999,74.596,114.2055,87.045,0.23333333333333334,0.2733333333333333,0.35333333333333333,0.20666666666666667,0.20666666666666667,0.20666666666666667,0.3333333333333333,0.24666666666666667,
121.406,82.7145,77.5075,82.3135,93.179,114.2205,91.6605,116.105,0.3466666666666667,0.23333333333333334,0.22,0.23333333333333334,0.26666666666666666,0.32666666666666666,0.26,0.3333333333333333,
96.56700000000001,107.59549999999999,104.74549999999999,93.3185,90.289,96.819,106.7305,81.56150000000001,0.28,0.30666666666666664,0.3,0.26666666666666666,0.26,0.2733333333333333,0.3,0.22666666666666666,
90.292,88.694,94.8085,93.325,111.30649999999999,105.57249999999999,123.90950000000001,103.88,0.25333333333333335,0.24666666666666667,0.2733333333333333,0.26,0.31333333333333335,0.30666666666666664,0.35333333333333333,0.29333333333333333,
89.1305,91.2715,84.551,84.1235,89.57300000000001,90.6535,76.3115,94.54200000000002,0.24666666666666667,0.26,0.24,0.23333333333333334,0.25333333333333335,0.25333333333333335,0.21333333333333335,0.26666666666666666,
97.97550000000001,89.69850000000001,88.853,108.6425,89.502,100.0535,64.827,86.8675,0.28,0.26,0.25333333333333335,0.32,0.26,0.2866666666666667,0.18666666666666668,0.24666666666666667,
91.94600000000001,85.8535,88.49699999999999,99.5645,95.818,87.629,98.2515,80.3515,0.25333333333333335,0.24,0.24666666666666667,0.28,0.2733333333333333,0.24666666666666667,0.28,0.22666666666666666,
93.005,116.95200000000001,118.13749999999999,105.1435,106.3185,88.9785,96.75,87.098,0.26,0.3333333333333333,0.3333333333333333,0.29333333333333333,0.30666666666666664,0.24666666666666667,0.2733333333333333,0.24,
106.4195,83.468,97.85249999999999,100.4805,95.62299999999999,94.0535,95.26,100.821,0.3,0.23333333333333334,0.28,0.2866666666666667,0.26666666666666666,0.26666666666666666,0.28,0.2866666666666667,
93.0775,97.68,81.7365,95.804,93.0585,109.069,98.1275,98.4255,0.26,0.28,0.22666666666666666,0.2733333333333333,0.26666666666666666,0.31333333333333335,0.28,0.28,
103.5875,98.5995,116.6885,91.0645,75.2035,112.167,118.099,79.91499999999999,0.3,0.28,0.34,0.25333333333333335,0.20666666666666667,0.32,0.3333333333333333,0.22666666666666666,
98.8925,102.586,89.944,82.255,86.4345,91.1465,96.7065,72.5385,0.2733333333333333,0.29333333333333333,0.25333333333333335,0.22666666666666666,0.24,0.26,0.2733333333333333,0.20666666666666667,
98.4055,87.067,89.5055,107.747,84.96049999999998,88.3935,91.088,99.6445,0.28,0.24666666666666667,0.25333333333333335,0.30666666666666664,0.24,0.24666666666666667,0.25333333333333335,0.28,
106.0385,107.724,121.287,118.569,96.15899999999999,84.5855,109.40799999999999,105.8405,0.3,0.30666666666666664,0.3466666666666667,0.34,0.26666666666666666,0.23333333333333334,0.31333333333333335,0.3,
80.5095,91.75350000000002,108.062,88.28600000000002,74.88,101.98349999999999,83.23949999999999,95.731,0.22,0.26,0.31333333333333335,0.24666666666666667,0.20666666666666667,0.29333333333333333,0.23333333333333334,0.26666666666666666,
93.753,65.5485,120.7285,118.997,85.6645,90.425,110.2885,116.3535,0.26666666666666666,0.18,0.3466666666666667,0.3466666666666667,0.24,0.25333333333333335,0.31333333333333335,0.3333333333333333,
89.17599999999999,108.1075,89.7025,108.78149999999998,100.857,96.3115,93.3185,88.065,0.25333333333333335,0.30666666666666664,0.25333333333333335,0.31333333333333335,0.2866666666666667,0.2733333333333333,0.26666666666666666,0.25333333333333335,
88.2975,91.814,101.988,105.724,69.1165,94.551,95.5255,129.221,0.25333333333333335,0.26,0.2866666666666667,0.3,0.19333333333333333,0.26666666666666666,0.26666666666666666,0.37333333333333335,
102.877,84.26150000000001,105.164,83.092,81.774,91.578,93.425,96.7,0.29333333333333333,0.23333333333333334,0.3,0.23333333333333334,0.23333333333333334,0.26,0.26666666666666666,0.2733333333333333,
109.2205,88.332,91.2255,88.1425,115.0945,114.00699999999999,98.748,95.3245,0.31333333333333335,0.24666666666666667,0.26,0.25333333333333335,0.3333333333333333,0.32666666666666666,0.28,0.26666666666666666,
103.0,99.464,121.6185,77.717,103.995,105.0175,94.352,108.9005,0.29333333333333333,0.28,0.3466666666666667,0.21333333333333335,0.3,0.3,0.26666666666666666,0.31333333333333335,
105.35249999999999,98.5705,87.03050000000002,108.629,101.64,76.10549999999999,95.48949999999999,88.622,0.3,0.28,0.24666666666666667,0.30666666666666664,0.2866666666666667,0.21333333333333335,0.26666666666666666,0.24666666666666667,
76.6185,85.3475,85.78,112.5555,68.4385,112.1315,95.06700000000001,86.9475,0.21333333333333335,0.24666666666666667,0.24,0.32,0.18666666666666668,0.32666666666666666,0.26666666666666666,0.24666666666666667,
107.53,91.551,89.417,85.565,86.314,99.223,82.56,101.649,0.30666666666666664,0.26,0.26,0.24,0.24,0.2866666666666667,0.23333333333333334,0.2866666666666667,
118.464,66.6695,74.38550000000001,106.9995,98.02250000000001,99.9735,109.924,84.527,0.3466666666666667,0.18666666666666668,0.20666666666666667,0.30666666666666664,0.28,0.2866666666666667,0.31333333333333335,0.24,
116.49849999999999,120.3895,105.6065,108.6515,114.986,103.261,92.9715,103.889,0.3333333333333333,0.3466666666666667,0.3,0.31333333333333335,0.32666666666666666,0.29333333333333333,0.26666666666666666,0.29333333333333333,
89.686,95.766,75.1095,92.95400000000001,106.555,89.584,97.66499999999999,100.25800000000001,0.25333333333333335,0.2733333333333333,0.21333333333333335,0.26,0.3,0.24666666666666667,0.2733333333333333,0.2866666666666667,
108.392,104.4165,103.294,85.69000000000001,97.91499999999999,93.21799999999999,88.057,94.286,0.31333333333333335,0.29333333333333333,0.29333333333333333,0.24666666666666667,0.28,0.26666666666666666,0.24666666666666667,0.26666666666666666,
75.089,71.2715,91.79050000000001,111.60150000000002,102.2855,86.187,80.4595,71.1795,0.20666666666666667,0.2,0.26,0.32,0.29333333333333333,0.24,0.22666666666666666,0.20666666666666667,
86.4625,108.41350000000001,73.1825,111.262,106.017,94.5875,101.5545,101.14799999999998,0.24666666666666667,0.30666666666666664,0.20666666666666667,0.32,0.30666666666666664,0.26666666666666666,0.29333333333333333,0.2866666666666667,
95.90199999999999,103.67349999999999,106.411,94.958,101.3015,109.8505,79.283,102.02850000000001,0.2733333333333333,0.29333333333333333,0.30666666666666664,0.2733333333333333,0.29333333333333333,0.32,0.22,0.2866666666666667,
95.3105,77.7945,81.714,94.92550000000001,101.86449999999999,108.72849999999998,87.593,114.002,0.2733333333333333,0.22,0.23333333333333334,0.2733333333333333,0.2866666666666667,0.30666666666666664,0.24666666666666667,0.32666666666666666,
84.87950000000001,79.949,95.112,103.8675,112.20349999999999,77.9805,69.3165,119.14699999999999,0.24,0.22666666666666666,0.26666666666666666,0.29333333333333333,0.32,0.21333333333333335,0.19333333333333333,0.3466666666666667,
96.881,92.5665,70.821,111.172,72.8475,99.78899999999999,93.46000000000002,78.3415,0.2733333333333333,0.26666666666666666,0.2,0.32,0.2,0.28,0.26666666666666666,0.22,
94.234,85.26650000000001,95.4185,114.645,100.6385,89.6665,75.917,81.69200000000001,0.2733333333333333,0.24,0.2733333333333333,0.32666666666666666,0.2866666666666667,0.25333333333333335,0.21333333333333335,0.23333333333333334,
105.2295,76.12300000000002,84.1365,94.83,89.291,80.84,83.0275,128.70850000000002,0.3,0.22,0.24,0.26666666666666666,0.24666666666666667,0.22666666666666666,0.24,0.36666666666666664,
83.9915,93.537,63.1965,80.756,92.8245,75.37950000000001,109.749,92.186,0.23333333333333334,0.26,0.17333333333333334,0.22666666666666666,0.26666666666666666,0.21333333333333335,0.32,0.26,
71.21000000000001,115.892,88.9055,87.053,82.091,77.1315,102.44800000000001,85.8,0.2,0.3333333333333333,0.25333333333333335,0.25333333333333335,0.23333333333333334,0.21333333333333335,0.29333333333333333,0.24,
96.911,99.115,75.92,92.8955,85.161,96.9745,116.8665,89.6055,0.28,0.2866666666666667,0.21333333333333335,0.26,0.24,0.28,0.34,0.25333333333333335,
95.8885,79.8475,95.55,93.9795,89.0115,75.202,94.713,107.7845,0.2733333333333333,0.22666666666666666,0.2733333333333333,0.26666666666666666,0.25333333333333335,0.21333333333333335,0.2733333333333333,0.30666666666666664,
90.798,90.82900000000002,81.967,90.7995,105.619,67.59,100.4275,79.037,0.26,0.26,0.23333333333333334,0.25333333333333335,0.3,0.19333333333333333,0.2866666666666667,0.22666666666666666,
73.434,93.548,81.8265,85.6015,92.161,98.5295,92.691,70.8735,0.20666666666666667,0.26666666666666666,0.23333333333333334,0.24,0.26,0.28,0.26666666666666666,0.20666666666666667,
83.506,86.3235,86.878,73.865,85.031,75.17099999999999,105.0295,77.79599999999999,0.24,0.24666666666666667,0.24666666666666667,0.20666666666666667,0.24666666666666667,0.21333333333333335,0.3,0.22,
72.6285,96.94700000000002,98.782,75.1875,67.352,93.82750000000001,87.2375,75.6105,0.20666666666666667,0.28,0.2866666666666667,0.20666666666666667,0.19333333333333333,0.26666666666666666,0.24666666666666667,0.21333333333333335,
77.22050000000002,115.2475,90.333,82.5135,76.547,106.162,102.0255,96.527,0.21333333333333335,0.3333333333333333,0.25333333333333335,0.23333333333333334,0.21333333333333335,0.30666666666666664,0.29333333333333333,0.2733333333333333,
95.596,105.6335,86.6165,84.0685,58.764,94.6065,89.1955,106.999,0.2733333333333333,0.30666666666666664,0.24,0.24,0.16,0.26666666666666666,0.25333333333333335,0.3,
92.638,83.53149999999998,79.569,107.773,92.126,77.423,110.2295,90.2065,0.26666666666666666,0.24,0.22666666666666666,0.30666666666666664,0.26,0.22,0.31333333333333335,0.25333333333333335,
96.7995,91.504,112.9665,90.859,76.267,94.632,81.9925,101.3965,0.2733333333333333,0.26,0.32666666666666666,0.26,0.22,0.26666666666666666,0.23333333333333334,0.29333333333333333,
100.466,88.02,96.658,77.105,56.515499999999996,96.3815,104.256,71.6925,0.2866666666666667,0.24666666666666667,0.2733333333333333,0.21333333333333335,0.15333333333333332,0.2733333333333333,0.29333333333333333,0.2,
107.8255,99.30199999999998,102.905,90.363,75.7065,85.1235,101.614,88.7495,0.31333333333333335,0.28,0.29333333333333333,0.26,0.21333333333333335,0.24,0.29333333333333333,0.24666666666666667,
82.063,109.23949999999999,70.836,88.5325,109.9405,99.3685,72.378,82.73349999999999,0.23333333333333334,0.31333333333333335,0.19333333333333333,0.25333333333333335,0.32,0.28,0.20666666666666667,0.22666666666666666,
82.6125,108.9905,102.72,102.797,84.706,92.547,92.2715,96.132,0.23333333333333334,0.31333333333333335,0.29333333333333333,0.29333333333333333,0.24,0.26,0.26,0.2733333333333333,
120.6605,98.39349999999999,91.4875,83.0365,90.6545,105.4825,100.42099999999999,78.125,0.3466666666666667,0.28,0.26666666666666666,0.23333333333333334,0.25333333333333335,0.3,0.28,0.22,
78.66749999999999,90.27549999999998,103.49,84.928,76.917,108.16900000000001,93.0325,84.004,0.22,0.25333333333333335,0.29333333333333333,0.23333333333333334,0.22,0.31333333333333335,0.26666666666666666,0.24,
85.504,73.844,116.32300000000002,85.918,100.569,68.27250000000001,107.7135,70.743,0.24,0.20666666666666667,0.34,0.24,0.2866666666666667,0.19333333333333333,0.30666666666666664,0.2,
93.347,89.41950000000001,99.3325,89.791,84.258,77.784,89.5395,95.747,0.26666666666666666,0.25333333333333335,0.28,0.25333333333333335,0.24,0.22,0.25333333333333335,0.2733333333333333,
108.7515,77.659,77.911,84.64350000000002,52.220000000000006,99.342,93.1615,93.6205,0.31333333333333335,0.22,0.22,0.24,0.14666666666666667,0.2866666666666667,0.26,0.26666666666666666,
87.141,104.98000000000002,75.8075,80.73949999999999,93.7635,89.0285,92.182,85.543,0.24666666666666667,0.3,0.21333333333333335,0.22666666666666666,0.2733333333333333,0.25333333333333335,0.26,0.24666666666666667,
66.208,94.87049999999999,75.0885,101.892,71.4865,81.35199999999999,95.6195,94.2965,0.18,0.2733333333333333,0.21333333333333335,0.2866666666666667,0.2,0.22666666666666666,0.2733333333333333,0.26666666666666666,
97.6585,107.1715,91.302,116.077,69.3955,94.189,110.3955,76.5175,0.28,0.30666666666666664,0.26,0.32666666666666666,0.19333333333333333,0.26666666666666666,0.31333333333333335,0.21333333333333335,
89.867,83.89400000000002,74.243,92.005,89.0085,87.25899999999999,99.02050000000001,88.6655,0.25333333333333335,0.24,0.20666666666666667,0.26666666666666666,0.25333333333333335,0.24666666666666667,0.28,0.24666666666666667,
82.1285,102.5905,99.90850000000002,101.79599999999999,79.3005,87.905,83.895,84.07900000000001,0.23333333333333334,0.3,0.2866666666666667,0.29333333333333333,0.22,0.24666666666666667,0.23333333333333334,0.24,
79.6775,99.889,87.5455,88.893,65.886,86.9245,78.925,85.77,0.22666666666666666,0.2866666666666667,0.25333333333333335,0.24666666666666667,0.18,0.24666666666666667,0.22,0.24666666666666667,
91.473,88.245,80.2045,93.1195,99.027,81.49549999999999,99.5215,87.20700000000001,0.26,0.25333333333333335,0.22666666666666666,0.26666666666666666,0.28,0.22666666666666666,0.2866666666666667,0.24666666666666667,
77.94200000000001,100.725,74.576,66.4635,117.6725,73.596,108.4975,85.589,0.22,0.2866666666666667,0.20666666666666667,0.18666666666666668,0.34,0.20666666666666667,0.31333333333333335,0.24666666666666667,
104.65099999999998,100.8805,66.4915,99.499,59.7685,104.373,67.663,99.628,0.30666666666666664,0.29333333333333333,0.18666666666666668,0.2866666666666667,0.16666666666666666,0.3,0.18666666666666668,0.28,
91.84249999999999,101.425,102.73250000000002,87.364,95.366,69.7975,89.416,77.27350000000001,0.25333333333333335,0.2866666666666667,0.29333333333333333,0.24666666666666667,0.26666666666666666,0.2,0.26,0.21333333333333335,
91.25450000000001,81.0985,72.955,73.157,87.8215,81.3125,98.7555,106.971,0.26666666666666666,0.22666666666666666,0.20666666666666667,0.20666666666666667,0.24666666666666667,0.22666666666666666,0.28,0.30666666666666664,
80.8725,113.1995,109.617,46.381,92.723,80.8415,86.78,88.283,0.22666666666666666,0.32,0.32,0.12666666666666668,0.26666666666666666,0.22666666666666666,0.24666666666666667,0.25333333333333335,
112.7925,104.44200000000001,65.922,93.083,94.096,90.5555,99.7965,99.836,0.32666666666666666,0.29333333333333333,0.18666666666666668,0.26,0.26666666666666666,0.26,0.2866666666666667,0.2866666666666667,
83.09,99.7315,70.9105,82.725,81.28,97.1895,74.1955,88.3255,0.23333333333333334,0.2866666666666667,0.2,0.24,0.24,0.28,0.20666666666666667,0.24666666666666667,
98.056,71.72,117.515,112.1915,94.128,90.9605,105.1585,97.612,0.28,0.2,0.34,0.32,0.2733333333333333,0.26,0.3,0.28,
96.275,76.0125,93.0005,81.70400000000001,92.05,87.918,88.29599999999999,84.7885,0.2733333333333333,0.21333333333333335,0.26666666666666666,0.23333333333333334,0.26666666666666666,0.24666666666666667,0.24666666666666667,0.24,
94.325,68.6335,79.216,88.8475,90.4435,68.972,99.66600000000001,78.9155,0.2733333333333333,0.18666666666666668,0.22,0.25333333333333335,0.25333333333333335,0.2,0.28,0.22666666666666666,
85.748,80.037,77.53749999999998,97.378,86.78,113.107,108.338,105.02,0.24666666666666667,0.22666666666666666,0.21333333333333335,0.28,0.24,0.32,0.31333333333333335,0.29333333333333333,
90.6285,85.3395,77.6585,68.941,100.2575,83.206,68.1735,85.595,0.26,0.24,0.22,0.18666666666666668,0.28,0.23333333333333334,0.19333333333333333,0.24666666666666667,
91.509,89.778,67.3995,96.3415,85.1805,72.864,63.061,61.9105,0.25333333333333335,0.26,0.18666666666666668,0.2733333333333333,0.24,0.20666666666666667,0.17333333333333334,0.17333333333333334,
78.5765,83.533,91.60849999999999,85.2165,100.20700000000001,88.417,74.002,87.13749999999999,0.22,0.24,0.26,0.24666666666666667,0.2866666666666667,0.25333333333333335,0.20666666666666667,0.24,
83.9635,61.7715,81.6405,64.5205,81.511,77.71099999999998,82.839,96.451,0.23333333333333334,0.18,0.23333333333333334,0.18,0.23333333333333334,0.22,0.23333333333333334,0.28,
75.6785,89.14000000000001,96.7105,95.5065,72.5475,90.776,106.512,91.6755,0.21333333333333335,0.26,0.28,0.2733333333333333,0.20666666666666667,0.26,0.30666666666666664,0.26,
86.676,82.725,75.3405,116.101,83.282,110.465,81.47349999999999,83.3935,0.24666666666666667,0.23333333333333334,0.20666666666666667,0.34,0.24,0.32,0.23333333333333334,0.24,
64.742,73.114,75.499,108.48250000000002,75.185,89.6895,97.3195,84.2555,0.18,0.20666666666666667,0.21333333333333335,0.31333333333333335,0.20666666666666667,0.25333333333333335,0.28,0.24,
