72.8735,110.82300000000001,106.55199999999999,100.95400000000002,92.60900000000001,105.4865,96.781,94.877,0.2,0.32,0.3,0.2866666666666667,0.26,0.30666666666666664,0.2733333333333333,0.2733333333333333,
79.5495,87.8315,82.6695,81.939,70.14750000000001,72.6825,87.682,70.906,0.22666666666666666,0.24666666666666667,0.24,0.23333333333333334,0.19333333333333333,0.2,0.24666666666666667,0.19333333333333333,
88.564,79.88799999999999,90.77900000000001,104.507,85.81,93.8395,94.5995,97.26349999999998,0.24666666666666667,0.22666666666666666,0.25333333333333335,0.3,0.24666666666666667,0.26666666666666666,0.26666666666666666,0.2733333333333333,
103.543,90.7225,94.155,80.587,79.2745,99.1705,91.646,94.15899999999999,0.29333333333333333,0.26,0.26666666666666666,0.22666666666666666,0.22666666666666666,0.28,0.26,0.2733333333333333,
118.4685,96.088,79.944,93.262,76.8965,81.916,113.8725,92.4575,0.34,0.28,0.22666666666666666,0.26666666666666666,0.22,0.23333333333333334,0.32666666666666666,0.26,
84.0715,96.54650000000001,91.4135,91.89750000000001,66.4495,87.2735,74.783,97.602,0.24,0.2733333333333333,0.25333333333333335,0.26,0.18,0.25333333333333335,0.20666666666666667,0.2733333333333333,
115.0485,113.6195,113.0845,76.01899999999999,98.019,93.1465,86.8435,70.6345,0.3333333333333333,0.32666666666666666,0.32666666666666666,0.21333333333333335,0.28,0.26666666666666666,0.25333333333333335,0.19333333333333333,
72.9885,86.5335,82.9125,91.189,110.3215,116.7375,98.037,107.1525,0.2,0.24,0.23333333333333334,0.26,0.31333333333333335,0.34,0.28,0.30666666666666664,
113.2465,78.0695,85.128,82.9475,106.8495,87.343,128.4675,92.79599999999999,0.32,0.22,0.24,0.24,0.30666666666666664,0.24666666666666667,0.36666666666666664,0.26666666666666666,
102.248,100.882,86.3095,113.22749999999999,85.91699999999999,98.425,99.89299999999999,105.14150000000001,0.29333333333333333,0.28,0.24666666666666667,0.32666666666666666,0.24666666666666667,0.28,0.28,0.3,
91.686,93.93350000000001,108.507,78.2735,117.5175,90.72,96.595,128.139,0.26,0.26666666666666666,0.30666666666666664,0.22,0.34,0.26,0.2733333333333333,0.36666666666666664,
105.1185,86.2915,95.3945,89.6445,85.29099999999998,112.795,69.57300000000001,89.6875,0.3,0.24666666666666667,0.2733333333333333,0.25333333333333335,0.24666666666666667,0.32,0.19333333333333333,0.25333333333333335,
85.894,77.11800000000001,107.43,101.365,108.2795,115.64150000000001,103.897,81.8535,0.24,0.22,0.30666666666666664,0.2866666666666667,0.31333333333333335,0.3333333333333333,0.3,0.22666666666666666,
110.32,91.101,122.3145,98.166,102.464,91.5545,91.767,92.548,0.31333333333333335,0.26666666666666666,0.35333333333333333,0.2733333333333333,0.29333333333333333,0.26,0.26666666666666666,0.26666666666666666,
111.295,85.83049999999999,96.8565,97.179,108.5765,106.3615,82.5495,91.967,0.32,0.24666666666666667,0.2733333333333333,0.2733333333333333,0.30666666666666664,0.3,0.22666666666666666,0.26,
112.047,104.3865,90.2495,95.957,77.9975,102.119,90.26,106.0705,0.32,0.29333333333333333,0.25333333333333335,0.2733333333333333,0.22,0.29333333333333333,0.25333333333333335,0.30666666666666664,
91.751,89.9195,106.714,81.745,105.5855,114.2145,101.613,104.2225,0.26,0.26,0.30666666666666664,0.22666666666666666,0.30666666666666664,0.3333333333333333,0.29333333333333333,0.3,
96.2735,95.307,93.365,98.452,105.7495,87.1755,86.222,106.9945,0.2733333333333333,0.2733333333333333,0.26666666666666666,0.28,0.3,0.24666666666666667,0.24666666666666667,0.30666666666666664,
101.352,96.82699999999998,107.762,87.6695,113.3945,117.1715,106.83,85.1395,0.2866666666666667,0.28,0.30666666666666664,0.24666666666666667,0.32666666666666666,0.34,0.30666666666666664,0.24,
96.60049999999998,98.14150000000001,111.269,127.497,94.1375,81.5005,82.643,83.149,0.2733333333333333,0.28,0.31333333333333335,0.37333333333333335,0.2733333333333333,0.22,0.23333333333333334,0.23333333333333334,
106.9395,61.9465,84.24449999999999,100.53,101.5645,89.8755,91.93299999999999,94.4795,0.3,0.17333333333333334,0.24,0.2866666666666667,0.2866666666666667,0.25333333333333335,0.26,0.26666666666666666,
94.7025,102.4995,86.69,100.6545,103.266,82.35849999999999,89.69,100.9795,0.26666666666666666,0.29333333333333333,0.24666666666666667,0.28,0.29333333333333333,0.23333333333333334,0.26,0.2866666666666667,
111.24,106.8375,91.6725,87.773,93.77500000000002,124.0085,79.9005,110.35849999999999,0.32,0.30666666666666664,0.26,0.25333333333333335,0.26666666666666666,0.35333333333333333,0.22,0.32,
83.46099999999998,112.68399999999998,127.0615,96.32300000000001,104.727,82.628,95.041,101.621,0.24,0.32666666666666666,0.36,0.2733333333333333,0.3,0.22666666666666666,0.26666666666666666,0.2866666666666667,
87.9655,100.99050000000001,104.974,97.3285,98.8345,90.9975,117.506,83.7425,0.25333333333333335,0.2866666666666667,0.29333333333333333,0.28,0.28,0.26,0.3333333333333333,0.22666666666666666,
111.3505,101.9535,88.279,105.15549999999999,102.688,122.815,91.91499999999999,117.637,0.32,0.2866666666666667,0.24666666666666667,0.3,0.29333333333333333,0.35333333333333333,0.26,0.34,
84.676,93.4125,85.91499999999999,82.19800000000001,106.11499999999998,91.7345,101.385,92.89150000000001,0.24,0.26666666666666666,0.24666666666666667,0.23333333333333334,0.3,0.26666666666666666,0.29333333333333333,0.26,
113.608,99.44049999999999,131.4455,76.189,91.43299999999999,81.17,108.9325,86.14349999999999,0.32666666666666666,0.28,0.38,0.22,0.25333333333333335,0.22666666666666666,0.31333333333333335,0.24,
125.846,92.986,112.10900000000001,112.4165,82.352,100.633,99.74549999999999,102.0455,0.36,0.26666666666666666,0.32,0.32666666666666666,0.23333333333333334,0.28,0.28,0.2866666666666667,
116.48000000000002,114.02599999999998,103.53999999999999,93.6615,88.51050000000001,103.1435,90.3985,106.03999999999999,0.3333333333333333,0.32666666666666666,0.2866666666666667,0.26666666666666666,0.25333333333333335,0.29333333333333333,0.25333333333333335,0.3,
81.5335,120.8895,89.72749999999999,98.3605,99.09150000000001,123.24549999999999,117.09049999999999,87.29449999999999,0.23333333333333334,0.3466666666666667,0.25333333333333335,0.28,0.2866666666666667,0.35333333333333333,0.3333333333333333,0.25333333333333335,
78.88550000000001,102.3205,107.3695,93.5365,104.24549999999999,92.52,89.17599999999999,115.131,0.22,0.2866666666666667,0.30666666666666664,0.26666666666666666,0.29333333333333333,0.26666666666666666,0.24666666666666667,0.32666666666666666,
104.2385,103.186,132.0375,98.9195,81.2875,96.946,87.1635,136.7975,0.29333333333333333,0.29333333333333333,0.37333333333333335,0.28,0.22666666666666666,0.2733333333333333,0.24,0.3933333333333333,
103.5405,72.1065,93.33500000000001,98.0015,90.23349999999999,106.2735,109.139,92.1995,0.29333333333333333,0.19333333333333333,0.26,0.2733333333333333,0.26,0.3,0.30666666666666664,0.26,
117.1775,105.389,105.247,102.01599999999999,131.6525,101.858,103.3505,117.2265,0.34,0.3,0.3,0.2866666666666667,0.37333333333333335,0.2866666666666667,0.29333333333333333,0.3333333333333333,
115.0435,98.853,109.1005,102.4425,111.09100000000001,111.101,79.8835,138.5825,0.32666666666666666,0.2866666666666667,0.31333333333333335,0.2866666666666667,0.31333333333333335,0.32,0.22,0.4,
108.7125,107.184,123.7815,100.92049999999999,94.798,85.083,88.938,113.17099999999999,0.31333333333333335,0.3,0.35333333333333333,0.29333333333333333,0.2733333333333333,0.24,0.24666666666666667,0.32666666666666666,
109.213,111.35,99.5205,128.9675,105.62950000000001,97.115,119.934,86.659,0.31333333333333335,0.31333333333333335,0.28,0.37333333333333335,0.3,0.2733333333333333,0.34,0.24666666666666667,
101.221,121.973,86.971,98.9255,132.631,100.401,109.66799999999999,93.2755,0.2866666666666667,0.35333333333333333,0.24,0.2866666666666667,0.38,0.2866666666666667,0.31333333333333335,0.26666666666666666,
69.35849999999999,100.0315,110.1985,130.8645,120.93299999999999,131.05349999999999,100.055,105.81799999999998,0.19333333333333333,0.2866666666666667,0.30666666666666664,0.37333333333333335,0.3466666666666667,0.37333333333333335,0.28,0.3,
103.0895,71.537,112.24549999999999,87.1535,74.8845,88.571,91.0255,133.1125,0.29333333333333333,0.2,0.32,0.24666666666666667,0.20666666666666667,0.24666666666666667,0.25333333333333335,0.38666666666666666,
96.4525,101.49,94.812,90.711,130.6865,103.11,97.66199999999999,123.4325,0.2733333333333333,0.29333333333333333,0.26666666666666666,0.25333333333333335,0.37333333333333335,0.29333333333333333,0.2733333333333333,0.35333333333333333,
119.25,91.04050000000001,145.039,95.07,118.6415,123.73199999999999,115.8135,91.2355,0.34,0.25333333333333335,0.41333333333333333,0.26666666666666666,0.34,0.35333333333333333,0.3333333333333333,0.26,
90.111,95.6845,116.89750000000002,120.4345,100.48450000000001,103.897,105.8505,112.2365,0.24666666666666667,0.2733333333333333,0.3333333333333333,0.34,0.2866666666666667,0.29333333333333333,0.3,0.32666666666666666,
94.248,116.271,96.67,100.413,119.37349999999999,98.141,121.26599999999999,78.0965,0.26666666666666666,0.3333333333333333,0.2733333333333333,0.2866666666666667,0.34,0.28,0.3466666666666667,0.22,
80.3285,95.531,73.64,99.9385,98.083,126.1825,96.137,144.763,0.22666666666666666,0.2733333333333333,0.21333333333333335,0.28,0.28,0.36,0.2733333333333333,0.41333333333333333,
86.8095,87.278,111.496,98.8235,101.824,108.53400000000002,130.3605,104.343,0.24,0.24666666666666667,0.31333333333333335,0.28,0.2866666666666667,0.31333333333333335,0.37333333333333335,0.3,
93.5925,120.3615,110.28,120.459,100.429,134.1175,103.846,114.51,0.26666666666666666,0.34,0.31333333333333335,0.34,0.2866666666666667,0.38,0.29333333333333333,0.32666666666666666,
102.738,110.758,140.847,85.096,98.1035,110.6825,90.2815,100.7305,0.29333333333333333,0.31333333333333335,0.4066666666666667,0.24,0.28,0.31333333333333335,0.26,0.28,
141.477,84.597,105.01,122.135,93.3335,109.8785,109.9105,109.673,0.41333333333333333,0.24,0.3,0.3466666666666667,0.26666666666666666,0.30666666666666664,0.31333333333333335,0.31333333333333335,
99.5505,83.73899999999999,124.3565,110.223,105.01050000000001,109.4155,112.9405,123.34,0.28,0.24,0.35333333333333333,0.31333333333333335,0.3,0.31333333333333335,0.32,0.35333333333333333,
103.1565,112.9865,104.625,129.1005,91.735,117.0875,84.1265,114.8485,0.29333333333333333,0.32,0.3,0.37333333333333335,0.26,0.3333333333333333,0.24,0.32666666666666666,
90.195,99.6575,115.4625,91.818,121.803,92.1645,101.629,105.042,0.25333333333333335,0.28,0.32666666666666666,0.26,0.3466666666666667,0.26,0.2866666666666667,0.29333333333333333,
113.5075,121.4505,98.773,129.672,105.997,138.629,97.4375,119.456,0.32,0.3466666666666667,0.28,0.37333333333333335,0.3,0.4066666666666667,0.2733333333333333,0.3466666666666667,
91.7345,127.238,109.957,94.29050000000001,93.283,105.95700000000001,86.77149999999999,98.157,0.26,0.36666666666666664,0.31333333333333335,0.26,0.26666666666666666,0.3,0.25333333333333335,0.28,
103.932,89.4175,86.587,57.056000000000004,107.553,114.1595,84.871,94.791,0.29333333333333333,0.24666666666666667,0.24,0.16,0.30666666666666664,0.3333333333333333,0.24,0.26666666666666666,
116.8615,124.4695,123.24,86.59649999999999,103.6645,96.5755,82.468,115.7565,0.3333333333333333,0.36,0.35333333333333333,0.24,0.3,0.2733333333333333,0.23333333333333334,0.32666666666666666,
77.471,100.61,104.03900000000002,98.4035,86.35399999999998,105.5375,122.24800000000002,102.583,0.22,0.2866666666666667,0.29333333333333333,0.28,0.24666666666666667,0.3,0.35333333333333333,0.29333333333333333,
108.54599999999999,116.111,117.4785,94.6575,94.235,115.26399999999998,104.951,97.97599999999998,0.30666666666666664,0.3333333333333333,0.3333333333333333,0.2733333333333333,0.26666666666666666,0.32666666666666666,0.3,0.2733333333333333,
84.5885,100.81,96.1275,88.664,96.481,95.19200000000001,112.10900000000001,91.226,0.24,0.2866666666666667,0.2733333333333333,0.25333333333333335,0.2733333333333333,0.26666666666666666,0.32,0.25333333333333335,
91.26599999999999,95.8445,65.98349999999999,91.731,80.609,100.43399999999998,124.998,122.2645,0.26,0.2733333333333333,0.18,0.26,0.22666666666666666,0.2866666666666667,0.36,0.35333333333333333,
112.4665,107.865,98.0,86.02299999999998,116.783,120.3185,121.69800000000001,95.756,0.32666666666666666,0.30666666666666664,0.2733333333333333,0.23333333333333334,0.3333333333333333,0.3466666666666667,0.35333333333333333,0.26666666666666666,
113.332,109.026,99.63550000000001,117.373,99.0085,93.5795,100.309,93.3245,0.32666666666666666,0.30666666666666664,0.28,0.34,0.28,0.26666666666666666,0.28,0.26666666666666666,
103.4215,88.8285,86.6265,101.9025,85.261,104.566,92.822,92.6665,0.29333333333333333,0.24666666666666667,0.24,0.29333333333333333,0.24,0.3,0.26666666666666666,0.26,
81.1725,104.73799999999999,112.2565,84.17699999999998,101.7365,98.449,82.112,89.2645,0.22666666666666666,0.3,0.32666666666666666,0.24,0.2866666666666667,0.28,0.24,0.25333333333333335,
85.74,91.24950000000001,86.56,98.849,80.809,85.69050000000001,105.9125,93.159,0.24666666666666667,0.26,0.24,0.28,0.23333333333333334,0.24,0.3,0.26,
76.7805,97.27,100.449,89.8955,104.853,102.121,111.3455,118.369,0.22,0.28,0.2866666666666667,0.26,0.3,0.29333333333333333,0.32,0.3466666666666667,
79.255,92.807,101.11250000000001,110.6375,104.546,110.7535,84.8315,96.98200000000001,0.22,0.26666666666666666,0.2866666666666667,0.31333333333333335,0.3,0.31333333333333335,0.24,0.2733333333333333,
77.384,128.249,93.461,104.9935,110.501,81.3445,99.9305,118.48500000000001,0.21333333333333335,0.36666666666666664,0.2733333333333333,0.3,0.32,0.23333333333333334,0.2866666666666667,0.3333333333333333,
87.8485,93.083,87.5375,111.4315,96.07500000000002,122.02399999999999,99.1565,92.12100000000001,0.25333333333333335,0.26,0.24666666666666667,0.32,0.2733333333333333,0.35333333333333333,0.28,0.26,
93.7355,95.8165,79.3295,78.7165,117.77100000000002,94.6365,109.176,89.1045,0.26666666666666666,0.2733333333333333,0.22666666666666666,0.22,0.34,0.26666666666666666,0.31333333333333335,0.25333333333333335,
99.3745,82.997,95.8025,99.9985,109.2335,111.0635,102.1745,93.2915,0.2866666666666667,0.24,0.2733333333333333,0.28,0.31333333333333335,0.31333333333333335,0.29333333333333333,0.26666666666666666,
93.885,114.263,118.536,101.04249999999999,114.247,120.0495,114.6455,87.936,0.26666666666666666,0.32666666666666666,0.3466666666666667,0.28,0.3333333333333333,0.3466666666666667,0.32666666666666666,0.24666666666666667,
106.8,122.889,105.327,103.82,96.429,112.20400000000001,105.2855,104.1775,0.3,0.35333333333333333,0.30666666666666664,0.29333333333333333,0.2733333333333333,0.32,0.3,0.29333333333333333,
91.591,91.55799999999999,99.6405,99.56000000000002,123.529,119.224,104.04599999999999,100.985,0.25333333333333335,0.25333333333333335,0.28,0.28,0.35333333333333333,0.34,0.3,0.2866666666666667,
137.313,111.2445,81.124,94.904,115.98349999999999,82.8465,110.82900000000001,118.614,0.3933333333333333,0.31333333333333335,0.22666666666666666,0.2733333333333333,0.3333333333333333,0.22666666666666666,0.32,0.34,
94.988,100.4395,105.847,114.8025,95.13499999999999,95.743,106.14,98.1255,0.26666666666666666,0.29333333333333333,0.30666666666666664,0.3333333333333333,0.26666666666666666,0.2733333333333333,0.30666666666666664,0.28,
89.24450000000002,88.6615,110.267,112.76650000000001,93.227,104.1955,111.561,99.714,0.25333333333333335,0.24666666666666667,0.32,0.32666666666666666,0.26666666666666666,0.3,0.32,0.2866666666666667,
116.5005,100.4805,102.6435,107.1625,104.479,130.358,119.27250000000001,116.1565,0.3333333333333333,0.2866666666666667,0.29333333333333333,0.30666666666666664,0.3,0.37333333333333335,0.3466666666666667,0.3333333333333333,
98.57300000000001,94.925,90.3145,69.34,126.25650000000002,97.878,102.235,80.2505,0.2733333333333333,0.26666666666666666,0.25333333333333335,0.19333333333333333,0.36,0.28,0.29333333333333333,0.22666666666666666,
107.364,88.584,99.0935,107.1745,81.54449999999999,119.77450000000002,95.303,94.8715,0.30666666666666664,0.25333333333333335,0.28,0.30666666666666664,0.22666666666666666,0.3466666666666667,0.2733333333333333,0.26666666666666666,
95.4385,95.3355,90.645,109.222,100.051,84.444,94.7895,88.5565,0.2733333333333333,0.26666666666666666,0.25333333333333335,0.31333333333333335,0.2866666666666667,0.24,0.2733333333333333,0.24666666666666667,
81.877,102.687,106.3015,110.06899999999999,89.0475,100.67600000000002,86.0635,80.259,0.23333333333333334,0.29333333333333333,0.30666666666666664,0.31333333333333335,0.26,0.2866666666666667,0.24,0.23333333333333334,
90.0505,93.37500000000001,84.2855,91.122,94.2365,95.852,82.5405,108.6815,0.25333333333333335,0.26,0.23333333333333334,0.26,0.26666666666666666,0.26666666666666666,0.23333333333333334,0.31333333333333335,
122.9,114.5245,100.9615,82.2115,104.1385,87.1095,80.0525,89.528,0.3466666666666667,0.32666666666666666,0.2866666666666667,0.23333333333333334,0.29333333333333333,0.25333333333333335,0.22,0.24666666666666667,
87.8375,112.2795,105.3325,101.87950000000001,118.9455,98.762,121.0795,92.3565,0.25333333333333335,0.32,0.29333333333333333,0.2866666666666667,0.3333333333333333,0.28,0.3466666666666667,0.26666666666666666,
94.61100000000002,102.09049999999998,108.46500000000002,113.038,99.14100000000002,96.361,103.3025,112.8495,0.26666666666666666,0.2866666666666667,0.31333333333333335,0.32666666666666666,0.28,0.26666666666666666,0.29333333333333333,0.32666666666666666,
96.56349999999999,97.80050000000001,94.8335,93.465,101.6455,110.7715,100.9995,95.3075,0.28,0.28,0.26666666666666666,0.26666666666666666,0.2866666666666667,0.31333333333333335,0.2866666666666667,0.2733333333333333,
105.0405,97.6265,103.74,114.0925,91.7035,93.5865,79.9865,81.64849999999998,0.3,0.28,0.29333333333333333,0.32666666666666666,0.26,0.26666666666666666,0.22,0.22666666666666666,
104.7115,100.8445,98.89700000000002,99.97900000000001,114.45349999999999,96.187,100.304,99.9625,0.3,0.29333333333333333,0.2866666666666667,0.28,0.32666666666666666,0.2733333333333333,0.28,0.28,
106.21900000000001,107.7235,104.759,90.7715,113.02799999999999,85.745,126.947,103.5265,0.30666666666666664,0.3,0.29333333333333333,0.26,0.32,0.24,0.36666666666666664,0.29333333333333333,
103.1645,111.9655,133.091,118.708,95.6895,117.30799999999999,94.8625,128.7345,0.29333333333333333,0.32,0.38666666666666666,0.3333333333333333,0.26666666666666666,0.34,0.26666666666666666,0.37333333333333335,
115.266,120.40899999999999,120.1575,115.307,108.651,113.09,109.4985,115.7945,0.3333333333333333,0.34,0.3466666666666667,0.3333333333333333,0.30666666666666664,0.31333333333333335,0.30666666666666664,0.3333333333333333,
116.27300000000001,109.3505,103.434,124.854,103.051,125.96100000000001,129.7365,117.1105,0.3333333333333333,0.31333333333333335,0.29333333333333333,0.35333333333333333,0.29333333333333333,0.36,0.37333333333333335,0.3333333333333333,
121.3245,114.805,127.2975,106.67049999999999,116.41299999999998,117.7965,106.3675,104.186,0.3466666666666667,0.32666666666666666,0.36666666666666664,0.3,0.3333333333333333,0.34,0.3,0.2866666666666667,
116.5615,112.943,85.3185,118.6645,106.5515,95.158,124.535,83.195,0.34,0.32,0.24,0.34,0.30666666666666664,0.26666666666666666,0.36,0.23333333333333334,
91.5475,94.8785,93.1955,128.6195,94.1495,115.553,117.0455,108.6375,0.25333333333333335,0.26666666666666666,0.26666666666666666,0.36666666666666664,0.2733333333333333,0.3333333333333333,0.3333333333333333,0.30666666666666664,
132.2715,90.44749999999999,122.6135,101.165,104.178,82.8715,110.938,76.154,0.38,0.25333333333333335,0.3466666666666667,0.28,0.29333333333333333,0.23333333333333334,0.32,0.22,
97.7225,122.7105,111.5,95.7325,95.8715,87.5115,114.8115,85.0915,0.2733333333333333,0.35333333333333333,0.32,0.26666666666666666,0.26666666666666666,0.24666666666666667,0.3333333333333333,0.23333333333333334,
86.73749999999998,101.8115,101.5065,109.5485,119.42750000000001,144.1045,117.258,98.96849999999999,0.24,0.2866666666666667,0.29333333333333333,0.31333333333333335,0.34,0.41333333333333333,0.32666666666666666,0.28,
92.7095,129.4775,115.4045,83.429,101.813,100.39,121.701,112.0075,0.26,0.37333333333333335,0.32666666666666666,0.23333333333333334,0.29333333333333333,0.28,0.3466666666666667,0.32,
103.9785,107.836,102.7,116.81100000000002,116.218,85.92099999999999,108.4625,105.318,0.3,0.30666666666666664,0.2866666666666667,0.3333333333333333,0.32666666666666666,0.24666666666666667,0.31333333333333335,0.3,
99.7785,102.166,88.013,86.7975,102.01950000000001,104.8015,87.333,114.805,0.28,0.2866666666666667,0.24666666666666667,0.24,0.2866666666666667,0.3,0.24666666666666667,0.32666666666666666,
123.39750000000002,81.8825,108.0325,108.508,102.3515,102.515,105.8115,93.7205,0.35333333333333333,0.22666666666666666,0.3,0.30666666666666664,0.2866666666666667,0.29333333333333333,0.3,0.26666666666666666,
116.4165,100.87049999999998,117.621,92.924,106.52850000000001,106.20349999999999,104.99900000000001,110.6175,0.32666666666666666,0.28,0.34,0.26666666666666666,0.3,0.29333333333333333,0.3,0.31333333333333335,
102.1795,121.357,113.93700000000001,117.9565,107.288,99.8615,88.2265,108.218,0.29333333333333333,0.3466666666666667,0.32666666666666666,0.34,0.3,0.28,0.25333333333333335,0.30666666666666664,
114.5555,127.711,115.34899999999999,105.0715,118.706,104.661,112.20349999999999,117.5675,0.32666666666666666,0.36666666666666664,0.32666666666666666,0.29333333333333333,0.34,0.29333333333333333,0.32,0.34,
109.6735,130.441,98.018,120.537,110.1195,108.7175,99.8595,126.469,0.30666666666666664,0.38,0.28,0.3466666666666667,0.32,0.30666666666666664,0.28,0.36,
96.9005,109.7305,104.1765,99.819,106.4005,114.9575,112.0645,102.0125,0.2733333333333333,0.30666666666666664,0.29333333333333333,0.2866666666666667,0.30666666666666664,0.32666666666666666,0.31333333333333335,0.29333333333333333,
111.7975,118.28450000000001,109.2025,98.25450000000001,118.36300000000001,109.61649999999999,108.4165,115.685,0.32,0.34,0.30666666666666664,0.28,0.3333333333333333,0.31333333333333335,0.30666666666666664,0.3333333333333333,
87.36499999999998,100.90350000000001,92.12149999999998,108.2805,119.919,112.6235,120.08,113.0275,0.24,0.28,0.26666666666666666,0.30666666666666664,0.34,0.32,0.34,0.32,
111.772,100.84,100.55799999999999,108.8205,123.0035,103.84650000000002,121.95499999999998,137.409,0.32,0.2866666666666667,0.28,0.31333333333333335,0.36,0.29333333333333333,0.35333333333333333,0.4,
115.281,106.2385,125.1175,111.86350000000002,99.53,119.145,117.8295,108.485,0.32666666666666666,0.3,0.35333333333333333,0.32,0.28,0.34,0.34,0.30666666666666664,
103.652,132.669,101.1245,106.0505,115.4055,109.628,106.162,100.7415,0.29333333333333333,0.38,0.28,0.3,0.32666666666666666,0.31333333333333335,0.3,0.28,
110.6175,104.8385,121.7065,129.765,129.1365,109.3215,115.31549999999999,127.255,0.31333333333333335,0.3,0.3466666666666667,0.38,0.37333333333333335,0.31333333333333335,0.32,0.36666666666666664,
106.765,99.35849999999999,134.2165,96.967,115.476,107.5455,115.673,119.013,0.3,0.28,0.38666666666666666,0.2733333333333333,0.32666666666666666,0.30666666666666664,0.3333333333333333,0.3466666666666667,
95.719,124.746,136.956,114.1095,130.122,114.0195,88.59049999999999,99.122,0.26666666666666666,0.35333333333333333,0.3933333333333333,0.32666666666666666,0.37333333333333335,0.32,0.24,0.28,
114.435,126.6175,103.0375,107.6665,108.74250000000002,99.55,98.89900000000002,115.518,0.32666666666666666,0.36,0.29333333333333333,0.30666666666666664,0.30666666666666664,0.28,0.28,0.3333333333333333,
128.0985,123.92449999999998,115.416,103.506,99.78650000000002,115.686,120.643,110.01,0.36666666666666664,0.35333333333333333,0.3333333333333333,0.2866666666666667,0.28,0.3333333333333333,0.3466666666666667,0.31333333333333335,
120.6435,120.87449999999998,109.138,88.799,95.45099999999998,96.9925,111.838,116.5235,0.34,0.34,0.31333333333333335,0.25333333333333335,0.26666666666666666,0.2733333333333333,0.31333333333333335,0.3333333333333333,
114.6245,121.503,112.2675,99.7065,121.6375,103.65550000000002,123.441,97.68299999999999,0.32666666666666666,0.3466666666666667,0.32,0.2866666666666667,0.3466666666666667,0.29333333333333333,0.35333333333333333,0.26666666666666666,
134.3095,144.8915,108.4685,121.013,106.2165,106.6405,100.43200000000002,131.063,0.38666666666666666,0.41333333333333333,0.30666666666666664,0.3466666666666667,0.30666666666666664,0.30666666666666664,0.28,0.37333333333333335,
134.945,91.37150000000001,98.101,111.0915,101.176,119.41550000000001,156.6705,128.112,0.38666666666666666,0.25333333333333335,0.2866666666666667,0.31333333333333335,0.29333333333333333,0.34,0.4533333333333333,0.36,
108.6255,95.0535,101.8195,126.374,110.571,78.729,118.7625,111.896,0.30666666666666664,0.2733333333333333,0.2866666666666667,0.36,0.31333333333333335,0.22,0.34,0.32,
140.07,108.54650000000001,112.535,92.27749999999999,94.9915,130.1485,121.752,107.19549999999998,0.4,0.30666666666666664,0.32,0.26,0.26666666666666666,0.37333333333333335,0.3466666666666667,0.3,
122.84649999999999,96.6545,105.154,116.55799999999999,119.628,108.991,104.6925,139.073,0.35333333333333333,0.2733333333333333,0.3,0.32666666666666666,0.34,0.30666666666666664,0.3,0.4,
106.74050000000001,79.4625,119.795,105.11950000000002,110.6855,103.828,152.064,103.9165,0.3,0.22,0.34,0.3,0.32,0.29333333333333333,0.44,0.29333333333333333,
111.39099999999999,108.81499999999998,121.686,99.269,102.137,96.3655,132.5335,110.95400000000001,0.31333333333333335,0.31333333333333335,0.3466666666666667,0.28,0.29333333333333333,0.2733333333333333,0.38,0.31333333333333335,
109.2335,106.6965,136.6745,129.2925,124.46150000000002,124.53450000000001,116.4075,93.782,0.30666666666666664,0.30666666666666664,0.3933333333333333,0.36666666666666664,0.36,0.35333333333333333,0.32666666666666666,0.26666666666666666,
107.8445,119.681,139.761,95.611,94.563,124.0195,111.23599999999999,104.1405,0.31333333333333335,0.34,0.4,0.26666666666666666,0.2733333333333333,0.35333333333333333,0.32,0.29333333333333333,
122.99900000000001,98.9735,105.787,123.063,117.274,117.5735,102.532,93.792,0.35333333333333333,0.2733333333333333,0.3,0.35333333333333333,0.3333333333333333,0.3333333333333333,0.29333333333333333,0.26,
120.476,99.715,103.13200000000002,114.9175,121.36000000000001,118.7775,114.5335,142.451,0.34,0.28,0.2866666666666667,0.32666666666666666,0.3466666666666667,0.3333333333333333,0.32666666666666666,0.41333333333333333,
126.41599999999998,128.193,105.8315,123.0715,116.94,97.352,115.8605,130.307,0.35333333333333333,0.37333333333333335,0.3,0.3466666666666667,0.34,0.28,0.32666666666666666,0.37333333333333335,
125.3845,132.909,129.8885,116.0975,121.107,120.146,91.4785,113.03249999999998,0.36,0.38,0.37333333333333335,0.3333333333333333,0.3466666666666667,0.3466666666666667,0.25333333333333335,0.32,
103.34399999999998,90.96850000000002,122.4615,95.4,135.459,117.84049999999999,114.48949999999999,115.0735,0.3,0.25333333333333335,0.3466666666666667,0.26666666666666666,0.38666666666666666,0.34,0.32666666666666666,0.3333333333333333,
126.556,100.2715,117.9275,98.681,108.1735,122.9845,72.537,112.1745,0.36666666666666664,0.28,0.34,0.2733333333333333,0.30666666666666664,0.35333333333333333,0.19333333333333333,0.32,
115.129,122.723,123.1175,107.397,126.8905,147.019,98.9845,83.037,0.32666666666666666,0.35333333333333333,0.3466666666666667,0.30666666666666664,0.36666666666666664,0.4266666666666667,0.28,0.22666666666666666,
119.1535,95.399,115.3265,129.16649999999998,116.79699999999998,119.4555,123.6755,112.68350000000001,0.3466666666666667,0.26666666666666666,0.32666666666666666,0.36666666666666664,0.32666666666666666,0.34,0.35333333333333333,0.32,
119.3915,130.8475,103.8755,131.9225,121.226,104.37100000000001,104.77850000000001,128.1765,0.34,0.37333333333333335,0.29333333333333333,0.38,0.3466666666666667,0.29333333333333333,0.29333333333333333,0.36666666666666664,
103.625,117.7475,96.044,108.489,136.0965,108.243,110.37,111.0395,0.29333333333333333,0.3333333333333333,0.26666666666666666,0.30666666666666664,0.3933333333333333,0.31333333333333335,0.31333333333333335,0.31333333333333335,
111.3215,110.718,124.1695,85.06449999999998,107.1695,92.8235,109.7175,119.291,0.31333333333333335,0.31333333333333335,0.36,0.23333333333333334,0.30666666666666664,0.26,0.31333333333333335,0.34,
123.8785,122.89500000000001,114.7875,109.21549999999999,96.38550000000001,112.988,114.75450000000002,103.77750000000002,0.35333333333333333,0.3466666666666667,0.32666666666666666,0.30666666666666664,0.2733333333333333,0.32,0.32666666666666666,0.3,
94.16550000000001,125.35149999999999,123.2305,123.0305,106.19,111.833,99.758,114.1,0.26,0.36,0.35333333333333333,0.36,0.30666666666666664,0.32,0.2866666666666667,0.32666666666666666,
122.5415,114.1885,96.4285,97.10400000000001,108.15399999999998,120.78749999999998,110.868,112.22900000000001,0.3466666666666667,0.32666666666666666,0.2733333333333333,0.28,0.30666666666666664,0.3466666666666667,0.31333333333333335,0.32,
90.357,101.0015,113.601,101.753,102.26,115.0625,121.0235,100.4205,0.25333333333333335,0.2866666666666667,0.32666666666666666,0.29333333333333333,0.2866666666666667,0.32666666666666666,0.3466666666666667,0.29333333333333333,
110.39150000000001,123.481,131.7945,122.1735,118.38100000000001,140.984,105.0985,104.5425,0.31333333333333335,0.35333333333333333,0.38,0.3466666666666667,0.34,0.4066666666666667,0.3,0.29333333333333333,
138.2525,109.49449999999999,117.89349999999999,115.281,112.445,97.286,109.047,119.98499999999999,0.3933333333333333,0.30666666666666664,0.34,0.32666666666666666,0.32666666666666666,0.2733333333333333,0.30666666666666664,0.34,
94.061,112.66499999999999,123.245,111.5945,116.625,107.97749999999999,119.8365,118.0205,0.26666666666666666,0.32,0.35333333333333333,0.31333333333333335,0.3333333333333333,0.30666666666666664,0.34,0.3333333333333333,
136.7625,99.419,99.554,110.774,100.3175,121.46000000000001,92.617,83.2195,0.3933333333333333,0.28,0.28,0.31333333333333335,0.2866666666666667,0.3466666666666667,0.25333333333333335,0.22666666666666666,
119.1155,124.754,130.889,104.973,109.3695,114.5445,88.6095,123.354,0.34,0.35333333333333333,0.37333333333333335,0.29333333333333333,0.30666666666666664,0.32666666666666666,0.24666666666666667,0.35333333333333333,
111.962,115.5975,93.918,108.45,156.77500000000003,129.5775,121.463,141.299,0.31333333333333335,0.32666666666666666,0.26,0.30666666666666664,0.46,0.37333333333333335,0.3466666666666667,0.4,
134.1625,100.002,141.393,112.66499999999999,131.3625,124.3135,117.31999999999998,127.747,0.38666666666666666,0.28,0.4066666666666667,0.32,0.38,0.35333333333333333,0.3333333333333333,0.36666666666666664,
114.316,110.99300000000001,126.044,104.3065,126.64150000000001,127.464,131.59199999999998,111.641,0.32,0.31333333333333335,0.36666666666666664,0.3,0.36,0.36,0.38,0.32,
108.43299999999998,121.9005,110.1835,156.107,122.6485,105.996,122.686,107.8235,0.30666666666666664,0.3466666666666667,0.30666666666666664,0.4533333333333333,0.35333333333333333,0.3,0.35333333333333333,0.3,
118.471,131.0385,127.14600000000002,99.38749999999999,111.03399999999999,98.1455,100.85149999999999,123.304,0.34,0.37333333333333335,0.36666666666666664,0.28,0.31333333333333335,0.28,0.28,0.3466666666666667,
121.22149999999999,110.152,109.637,111.0395,110.46000000000001,109.02399999999999,115.07099999999998,118.2795,0.3466666666666667,0.31333333333333335,0.30666666666666664,0.31333333333333335,0.31333333333333335,0.30666666666666664,0.32666666666666666,0.3333333333333333,
116.106,121.5255,110.3265,104.5315,97.7785,121.8625,120.6785,121.4915,0.3333333333333333,0.3466666666666667,0.31333333333333335,0.29333333333333333,0.28,0.3466666666666667,0.35333333333333333,0.3466666666666667,
123.57599999999998,131.108,126.661,112.243,102.4495,96.0515,124.6785,129.725,0.35333333333333333,0.38,0.36,0.32,0.2866666666666667,0.2733333333333333,0.35333333333333333,0.37333333333333335,
85.173,91.156,122.6605,102.797,108.904,131.568,131.624,122.774,0.24,0.25333333333333335,0.35333333333333333,0.29333333333333333,0.30666666666666664,0.38,0.37333333333333335,0.35333333333333333,
106.39750000000001,101.089,112.547,118.31249999999999,114.2305,97.909,116.91499999999999,97.884,0.30666666666666664,0.28,0.32,0.3333333333333333,0.32666666666666666,0.28,0.3333333333333333,0.28,
105.511,122.84049999999999,103.8505,137.2115,122.556,84.661,93.3695,112.714,0.3,0.3466666666666667,0.29333333333333333,0.3933333333333333,0.35333333333333333,0.24,0.26666666666666666,0.32,
125.482,109.5765,114.23349999999999,120.256,131.4775,106.9625,120.61200000000001,126.7005,0.36,0.30666666666666664,0.32,0.34,0.37333333333333335,0.30666666666666664,0.34,0.36,
112.676,146.995,114.807,126.91550000000001,123.892,105.0865,133.8095,142.499,0.32,0.42,0.32666666666666666,0.36,0.35333333333333333,0.3,0.38666666666666666,0.4066666666666667,
111.014,89.76600000000002,110.19099999999999,105.554,119.39699999999999,112.193,113.32949999999998,122.435,0.32,0.24666666666666667,0.31333333333333335,0.29333333333333333,0.34,0.32,0.32,0.3466666666666667,
100.4945,105.074,92.882,109.6765,99.5985,96.4475,135.888,140.9295,0.28,0.3,0.25333333333333335,0.31333333333333335,0.28,0.2733333333333333,0.3933333333333333,0.4066666666666667,
109.397,133.5605,115.0565,127.715,127.485,102.5225,104.6235,99.9485,0.31333333333333335,0.38666666666666666,0.32666666666666666,0.36666666666666664,0.36666666666666664,0.29333333333333333,0.3,0.28,
126.8995,98.82,105.17099999999999,120.3905,118.14750000000001,118.655,106.382,111.0835,0.36,0.2733333333333333,0.3,0.3466666666666667,0.34,0.34,0.3,0.31333333333333335,
110.5655,95.85000000000001,79.52199999999999,112.844,82.162,106.736,99.5495,92.8775,0.32,0.26666666666666666,0.22666666666666666,0.32,0.23333333333333334,0.30666666666666664,0.2866666666666667,0.26,
129.5185,100.5575,104.90950000000002,123.013,106.82949999999998,102.4325,110.4225,132.291,0.37333333333333335,0.2866666666666667,0.29333333333333333,0.3466666666666667,0.30666666666666664,0.2866666666666667,0.30666666666666664,0.37333333333333335,
120.454,95.0255,95.473,123.8945,94.548,106.783,121.217,89.9345,0.3466666666666667,0.26,0.26666666666666666,0.35333333333333333,0.26666666666666666,0.3,0.3466666666666667,0.24666666666666667,
112.004,107.104,116.4695,126.87,120.1035,120.01650000000001,96.447,93.63749999999999,0.32,0.30666666666666664,0.3333333333333333,0.36,0.3466666666666667,0.34,0.2733333333333333,0.26,
87.03200000000001,107.379,99.837,84.76,113.4795,118.5005,120.527,114.7315,0.24666666666666667,0.30666666666666664,0.28,0.23333333333333334,0.32,0.34,0.34,0.3333333333333333,
106.524,119.9905,108.729,97.4495,111.21600000000001,113.836,99.7625,121.37,0.30666666666666664,0.34,0.30666666666666664,0.2733333333333333,0.31333333333333335,0.32666666666666666,0.2733333333333333,0.3466666666666667,
111.28450000000001,113.8415,112.92699999999999,117.5365,130.1655,104.5085,98.605,90.147,0.31333333333333335,0.32666666666666666,0.32,0.3333333333333333,0.38,0.3,0.2733333333333333,0.25333333333333335,
97.7785,90.975,101.0055,101.7515,97.4615,87.86700000000002,110.2155,103.66499999999999,0.2733333333333333,0.25333333333333335,0.2866666666666667,0.2866666666666667,0.2733333333333333,0.24,0.32,0.29333333333333333,
111.06700000000001,115.0255,126.774,97.9295,101.986,120.1675,110.0665,86.608,0.31333333333333335,0.32666666666666666,0.36,0.28,0.2866666666666667,0.34,0.31333333333333335,0.24,
133.095,114.506,109.3325,124.9765,130.744,112.5895,115.656,103.91850000000001,0.38,0.32,0.31333333333333335,0.35333333333333333,0.37333333333333335,0.32,0.3333333333333333,0.29333333333333333,
122.6825,101.1955,116.1875,110.595,117.5815,140.457,119.75800000000001,123.839,0.3466666666666667,0.2866666666666667,0.3333333333333333,0.30666666666666664,0.34,0.4066666666666667,0.3466666666666667,0.35333333333333333,
109.533,117.7075,124.2775,122.4455,97.068,120.949,119.059,115.1935,0.31333333333333335,0.34,0.36,0.3466666666666667,0.2733333333333333,0.3466666666666667,0.3466666666666667,0.32666666666666666,
101.75750000000001,111.2315,127.588,107.381,115.0895,125.535,128.03300000000002,108.8785,0.2866666666666667,0.32,0.36666666666666664,0.30666666666666664,0.32666666666666666,0.36,0.36,0.31333333333333335,
117.3595,133.1585,108.631,118.971,116.709,123.06700000000002,107.0995,112.5685,0.3333333333333333,0.38,0.31333333333333335,0.3333333333333333,0.3333333333333333,0.35333333333333333,0.3,0.32,
93.51450000000001,149.5425,97.1135,123.1485,107.605,138.2615,122.706,100.1065,0.26,0.4266666666666667,0.2733333333333333,0.35333333333333333,0.30666666666666664,0.3933333333333333,0.3466666666666667,0.2866666666666667,
97.59,110.6695,137.315,99.80799999999999,117.725,100.18999999999998,112.5255,94.6665,0.28,0.31333333333333335,0.3933333333333333,0.28,0.34,0.28,0.32,0.26666666666666666,
94.887,123.4045,115.5185,141.88400000000001,128.113,111.3735,118.406,79.54,0.26666666666666666,0.3466666666666667,0.32666666666666666,0.41333333333333333,0.36666666666666664,0.31333333333333335,0.3333333333333333,0.22,
141.138,104.3735,140.008,113.4545,99.364,105.132,104.5935,132.9965,0.4066666666666667,0.29333333333333333,0.4,0.32,0.2733333333333333,0.3,0.3,0.38,
121.093,124.562,103.9245,101.61849999999998,109.8205,105.278,107.434,113.814,0.35333333333333333,0.35333333333333333,0.29333333333333333,0.2866666666666667,0.31333333333333335,0.3,0.30666666666666664,0.32666666666666666,
114.673,110.95849999999999,120.6195,92.39,138.19,107.361,99.14750000000001,114.8015,0.32666666666666666,0.30666666666666664,0.3466666666666667,0.26,0.4,0.30666666666666664,0.28,0.32666666666666666,
124.3895,106.8185,114.6445,128.022,130.973,98.749,106.102,132.1195,0.35333333333333333,0.3,0.32666666666666666,0.36666666666666664,0.37333333333333335,0.28,0.3,0.38,
104.475,121.1955,102.6935,117.392,119.0155,132.852,108.129,111.333,0.29333333333333333,0.3466666666666667,0.2866666666666667,0.3333333333333333,0.34,0.38,0.30666666666666664,0.31333333333333335,
96.68650000000001,101.572,139.2615,124.556,112.1165,134.6165,123.2185,102.988,0.2733333333333333,0.2866666666666667,0.4,0.35333333333333333,0.32,0.3933333333333333,0.35333333333333333,0.29333333333333333,
111.107,115.7335,102.468,113.7185,97.0945,138.4815,123.42099999999999,123.485,0.31333333333333335,0.3333333333333333,0.29333333333333333,0.32,0.2733333333333333,0.3933333333333333,0.35333333333333333,0.35333333333333333,
120.4935,95.463,97.5085,114.91550000000001,108.1265,127.21600000000001,104.87550000000002,123.20650000000002,0.34,0.26666666666666666,0.2733333333333333,0.32666666666666666,0.30666666666666664,0.36666666666666664,0.3,0.3466666666666667,
98.4095,113.8895,94.97749999999999,108.19,111.23599999999999,106.7955,127.3395,122.00599999999999,0.28,0.32,0.26666666666666666,0.31333333333333335,0.31333333333333335,0.3,0.36,0.3466666666666667,
104.224,114.653,118.038,114.8155,127.23349999999999,99.224,103.723,113.749,0.3,0.32666666666666666,0.3333333333333333,0.32666666666666666,0.36666666666666664,0.2733333333333333,0.3,0.32,
110.25999999999999,106.592,99.668,104.20949999999999,105.011,94.3415,89.553,108.4855,0.31333333333333335,0.3,0.28,0.2866666666666667,0.29333333333333333,0.26666666666666666,0.24666666666666667,0.30666666666666664,
119.1805,123.41749999999999,115.633,110.205,89.0525,129.5475,100.208,112.4945,0.3466666666666667,0.35333333333333333,0.32666666666666666,0.31333333333333335,0.25333333333333335,0.36666666666666664,0.2866666666666667,0.31333333333333335,
107.82100000000001,115.584,106.82300000000001,116.16499999999999,112.521,114.3175,119.03450000000001,104.589,0.3,0.32666666666666666,0.30666666666666664,0.3333333333333333,0.31333333333333335,0.32666666666666666,0.34,0.29333333333333333,
107.031,111.99549999999999,117.4735,97.62799999999999,87.2135,95.0035,137.89600000000002,100.299,0.30666666666666664,0.31333333333333335,0.34,0.2733333333333333,0.24,0.2733333333333333,0.4,0.28,
103.7005,104.731,97.431,112.643,111.20200000000001,115.8275,119.517,130.07999999999998,0.29333333333333333,0.29333333333333333,0.2733333333333333,0.32,0.31333333333333335,0.3333333333333333,0.3466666666666667,0.37333333333333335,
103.965,121.4325,112.83900000000001,106.38,104.4005,113.1355,93.25349999999999,122.16,0.29333333333333333,0.3466666666666667,0.32,0.30666666666666664,0.3,0.32,0.26,0.35333333333333333,
