97.9015,91.7915,80.07300000000001,84.1485,86.6555,63.8995,96.457,75.4675,0.28,0.26,0.22666666666666666,0.23333333333333334,0.24666666666666667,0.17333333333333334,0.2733333333333333,0.20666666666666667,
111.0815,70.094,108.4675,106.673,88.1225,107.89249999999998,153.45850000000002,81.913,0.32,0.19333333333333333,0.30666666666666664,0.30666666666666664,0.26,0.31333333333333335,0.44,0.23333333333333334,
96.80749999999999,80.373,71.098,78.887,81.0445,95.1155,68.239,102.6995,0.28,0.22666666666666666,0.2,0.21333333333333335,0.23333333333333334,0.2733333333333333,0.19333333333333333,0.29333333333333333,
88.7835,93.383,85.5465,103.17,112.49100000000001,89.9955,87.0275,82.24549999999999,0.25333333333333335,0.26666666666666666,0.24,0.29333333333333333,0.32666666666666666,0.25333333333333335,0.24666666666666667,0.22666666666666666,
106.1695,95.4645,89.3885,96.5055,104.305,98.91849999999998,97.028,95.64750000000001,0.3,0.26666666666666666,0.25333333333333335,0.2733333333333333,0.29333333333333333,0.28,0.2733333333333333,0.26666666666666666,
106.345,98.831,94.588,113.049,93.0685,86.91499999999999,102.282,69.516,0.30666666666666664,0.28,0.26666666666666666,0.32666666666666666,0.26666666666666666,0.24,0.2866666666666667,0.19333333333333333,
87.6665,83.5675,93.388,87.392,82.60650000000001,81.7115,93.40850000000002,75.877,0.24666666666666667,0.24,0.26666666666666666,0.24,0.23333333333333334,0.22666666666666666,0.26666666666666666,0.21333333333333335,
84.41750000000002,81.3225,90.50149999999998,103.218,120.52350000000001,102.306,82.7755,82.265,0.24,0.22666666666666666,0.26,0.3,0.3466666666666667,0.29333333333333333,0.24,0.23333333333333334,
89.9965,79.3615,103.1215,108.2615,70.488,89.928,96.5275,88.0495,0.25333333333333335,0.22666666666666666,0.29333333333333333,0.30666666666666664,0.2,0.25333333333333335,0.2733333333333333,0.24666666666666667,
95.0795,84.6745,89.2675,98.674,111.37599999999999,102.895,71.5195,78.0705,0.26666666666666666,0.24,0.25333333333333335,0.28,0.32,0.29333333333333333,0.20666666666666667,0.22,
101.536,88.167,87.088,102.1,95.687,99.6585,79.537,94.683,0.2866666666666667,0.24,0.24,0.2866666666666667,0.26666666666666666,0.2866666666666667,0.22666666666666666,0.2733333333333333,
96.7805,93.86499999999998,77.6805,92.2925,79.761,84.36449999999999,87.014,88.107,0.2733333333333333,0.26666666666666666,0.22,0.26,0.22,0.24,0.24666666666666667,0.24666666666666667,
87.2475,95.9755,83.2955,86.6705,87.262,96.232,103.468,85.216,0.24666666666666667,0.2733333333333333,0.23333333333333334,0.24666666666666667,0.24,0.26666666666666666,0.29333333333333333,0.24,
86.10900000000001,65.7005,82.5295,92.941,94.389,73.37950000000001,91.7865,60.063,0.24,0.18,0.23333333333333334,0.26666666666666666,0.2733333333333333,0.20666666666666667,0.25333333333333335,0.16666666666666666,
84.861,82.20599999999999,90.42950000000002,87.326,80.605,93.32200000000002,106.03999999999999,100.6655,0.24,0.23333333333333334,0.25333333333333335,0.24666666666666667,0.22666666666666666,0.26,0.3,0.29333333333333333,
78.761,69.0295,94.894,93.87049999999999,88.2785,75.61449999999999,96.8375,78.0615,0.22,0.18666666666666668,0.26666666666666666,0.26666666666666666,0.25333333333333335,0.21333333333333335,0.2733333333333333,0.22666666666666666,
83.116,103.133,66.678,77.81300000000002,89.1655,89.0255,97.169,90.4795,0.23333333333333334,0.29333333333333333,0.18666666666666668,0.22,0.25333333333333335,0.25333333333333335,0.2733333333333333,0.26,
119.536,84.12200000000001,82.1655,105.5795,105.9135,119.037,86.225,99.64150000000001,0.34,0.24666666666666667,0.23333333333333334,0.30666666666666664,0.3,0.3466666666666667,0.24,0.28,
86.158,94.3745,109.135,91.3485,80.055,98.737,103.044,87.801,0.24666666666666667,0.26666666666666666,0.31333333333333335,0.26,0.22666666666666666,0.28,0.29333333333333333,0.25333333333333335,
113.78150000000001,83.4935,109.3355,78.8175,99.555,94.4115,92.4885,82.0055,0.32666666666666666,0.23333333333333334,0.31333333333333335,0.22,0.2866666666666667,0.26666666666666666,0.26,0.22666666666666666,
104.7525,76.73349999999999,85.38,68.687,110.22200000000001,94.4455,94.0985,81.75299999999999,0.29333333333333333,0.21333333333333335,0.24,0.18666666666666668,0.31333333333333335,0.26666666666666666,0.26666666666666666,0.23333333333333334,
109.26050000000001,90.3555,105.2215,92.6285,88.7805,78.4255,89.017,92.045,0.31333333333333335,0.25333333333333335,0.30666666666666664,0.26666666666666666,0.25333333333333335,0.22,0.25333333333333335,0.26,
107.7115,103.6595,109.657,111.60199999999999,89.08700000000002,93.918,112.15,64.778,0.30666666666666664,0.3,0.31333333333333335,0.32,0.25333333333333335,0.26666666666666666,0.32,0.18,
98.04649999999998,104.27,86.24750000000002,96.0855,89.92500000000001,110.7115,101.029,122.3275,0.28,0.3,0.24666666666666667,0.26666666666666666,0.24666666666666667,0.31333333333333335,0.2866666666666667,0.3466666666666667,
110.15599999999999,98.074,98.17,87.4205,83.4285,87.8195,99.0435,80.935,0.32,0.2733333333333333,0.2733333333333333,0.24666666666666667,0.24,0.24666666666666667,0.28,0.22666666666666666,
97.728,105.2355,90.179,98.839,109.2345,99.9165,95.945,126.952,0.2733333333333333,0.3,0.25333333333333335,0.2866666666666667,0.31333333333333335,0.28,0.2733333333333333,0.36666666666666664,
99.306,105.7195,78.908,93.8735,76.838,94.3125,93.3035,86.6555,0.2866666666666667,0.3,0.22,0.26666666666666666,0.21333333333333335,0.26666666666666666,0.26,0.24,
86.619,98.75949999999999,91.85849999999999,114.92950000000002,85.65500000000002,97.62049999999999,106.005,104.9255,0.24,0.28,0.26666666666666666,0.32666666666666666,0.24,0.28,0.30666666666666664,0.3,
80.53999999999999,100.55799999999999,98.82999999999998,84.292,98.8435,92.0585,102.0735,100.6015,0.22666666666666666,0.29333333333333333,0.28,0.24,0.28,0.26666666666666666,0.29333333333333333,0.2866666666666667,
99.203,79.01550000000002,105.2855,102.4975,106.93349999999998,88.811,95.07300000000001,101.4035,0.28,0.22,0.3,0.29333333333333333,0.3,0.25333333333333335,0.2733333333333333,0.2866666666666667,
96.1805,83.134,114.539,87.638,85.216,79.4765,96.38800000000002,76.6135,0.2733333333333333,0.23333333333333334,0.32666666666666666,0.24666666666666667,0.24,0.22,0.2733333333333333,0.21333333333333335,
95.4755,131.1065,83.247,90.20400000000001,77.155,104.744,95.20699999999998,109.89350000000002,0.2733333333333333,0.38,0.24,0.26,0.21333333333333335,0.29333333333333333,0.2733333333333333,0.31333333333333335,
86.506,108.5275,93.7095,114.33949999999999,87.45000000000002,105.142,102.57300000000001,94.935,0.24666666666666667,0.30666666666666664,0.26666666666666666,0.32666666666666666,0.24666666666666667,0.3,0.29333333333333333,0.26666666666666666,
103.349,87.1995,89.28049999999999,105.72999999999999,91.751,84.8335,69.511,98.72,0.29333333333333333,0.24666666666666667,0.24666666666666667,0.3,0.26,0.24,0.19333333333333333,0.2866666666666667,
99.547,83.6945,95.4305,97.674,84.04599999999999,93.0685,76.423,108.1105,0.28,0.23333333333333334,0.26666666666666666,0.28,0.24,0.26,0.22,0.31333333333333335,
89.658,92.41,95.233,113.12950000000001,109.258,97.508,86.0785,90.02800000000002,0.25333333333333335,0.26,0.26666666666666666,0.32666666666666666,0.31333333333333335,0.2733333333333333,0.24666666666666667,0.25333333333333335,
112.8425,82.9045,71.549,93.597,85.893,65.534,83.8485,102.6275,0.32,0.24,0.2,0.26,0.24,0.18666666666666668,0.23333333333333334,0.29333333333333333,
106.486,106.53050000000002,99.744,66.2655,100.36100000000002,113.4605,88.9975,97.61449999999999,0.30666666666666664,0.31333333333333335,0.2866666666666667,0.18,0.2866666666666667,0.32666666666666666,0.25333333333333335,0.28,
115.3375,114.79650000000001,101.00699999999999,112.322,97.6045,66.6625,99.696,120.95400000000001,0.32666666666666666,0.32666666666666666,0.2866666666666667,0.32,0.2866666666666667,0.18,0.28,0.3466666666666667,
95.334,103.215,89.8365,114.985,78.645,118.1345,103.974,91.517,0.2733333333333333,0.29333333333333333,0.25333333333333335,0.32666666666666666,0.22,0.34,0.3,0.26,
91.498,97.3255,99.6195,89.412,93.5685,75.982,99.8005,102.017,0.26,0.2733333333333333,0.28,0.25333333333333335,0.26666666666666666,0.21333333333333335,0.2866666666666667,0.2866666666666667,
78.0345,99.466,103.018,109.2435,92.1595,111.624,100.9705,91.087,0.22,0.28,0.29333333333333333,0.31333333333333335,0.26666666666666666,0.32,0.2866666666666667,0.26,
103.605,110.7055,104.599,107.843,109.6435,112.5295,108.855,96.5885,0.29333333333333333,0.32,0.3,0.30666666666666664,0.31333333333333335,0.32,0.30666666666666664,0.2733333333333333,
119.162,91.886,81.39750000000001,92.675,85.9245,121.8625,90.63,98.506,0.3466666666666667,0.26,0.22666666666666666,0.26,0.24,0.3466666666666667,0.26,0.28,
105.2695,83.3235,79.578,80.337,86.1245,110.547,117.24949999999998,93.5815,0.29333333333333333,0.23333333333333334,0.22666666666666666,0.22666666666666666,0.24666666666666667,0.31333333333333335,0.3333333333333333,0.26666666666666666,
92.245,88.5915,97.0585,108.926,108.184,90.129,86.6675,81.033,0.26666666666666666,0.24666666666666667,0.2733333333333333,0.30666666666666664,0.30666666666666664,0.25333333333333335,0.24666666666666667,0.22666666666666666,
107.4225,108.5615,82.0965,113.734,96.0505,94.8895,80.814,111.774,0.30666666666666664,0.30666666666666664,0.22666666666666666,0.32666666666666666,0.2733333333333333,0.26666666666666666,0.23333333333333334,0.32,
86.133,94.115,80.7745,93.9875,89.93,98.5745,94.05449999999999,92.814,0.24666666666666667,0.26666666666666666,0.22666666666666666,0.26666666666666666,0.25333333333333335,0.28,0.26,0.26,
119.8755,91.6795,106.152,81.943,68.6,90.0255,94.7075,82.1095,0.34,0.26,0.30666666666666664,0.22666666666666666,0.18666666666666668,0.26,0.2733333333333333,0.23333333333333334,
107.669,108.359,71.9425,91.68450000000001,88.719,98.091,112.44800000000001,117.70949999999999,0.30666666666666664,0.31333333333333335,0.2,0.26,0.25333333333333335,0.28,0.32,0.3333333333333333,
84.3685,90.967,92.9195,93.4215,87.20749999999998,106.02850000000001,90.2795,92.4055,0.23333333333333334,0.25333333333333335,0.2733333333333333,0.26,0.24666666666666667,0.3,0.25333333333333335,0.26,
72.0015,77.76150000000001,89.7975,97.578,103.7995,119.997,78.907,83.185,0.2,0.21333333333333335,0.25333333333333335,0.2733333333333333,0.29333333333333333,0.34,0.22,0.24,
119.75800000000001,99.469,107.2565,93.2505,94.34700000000001,80.031,102.2075,93.074,0.34,0.28,0.30666666666666664,0.26666666666666666,0.26,0.22666666666666666,0.29333333333333333,0.26,
122.945,87.526,94.336,84.0505,90.70949999999999,104.0485,99.29850000000002,113.768,0.35333333333333333,0.24666666666666667,0.2733333333333333,0.23333333333333334,0.26,0.3,0.28,0.32666666666666666,
89.313,116.419,103.863,86.014,67.45,94.4665,105.367,97.082,0.25333333333333335,0.3333333333333333,0.3,0.24666666666666667,0.18666666666666668,0.26666666666666666,0.3,0.2733333333333333,
95.2325,105.36500000000001,107.0295,111.1705,96.8315,107.1985,89.9635,107.28450000000001,0.26666666666666666,0.3,0.3,0.31333333333333335,0.2733333333333333,0.30666666666666664,0.25333333333333335,0.3,
82.709,78.734,74.105,87.3365,102.618,68.1885,61.005,88.5095,0.23333333333333334,0.22,0.20666666666666667,0.25333333333333335,0.29333333333333333,0.19333333333333333,0.16666666666666666,0.25333333333333335,
109.974,67.039,124.5875,92.55500000000002,90.995,97.212,82.69549999999998,83.594,0.31333333333333335,0.18666666666666668,0.35333333333333333,0.26,0.26,0.28,0.23333333333333334,0.23333333333333334,
82.3065,92.685,96.39750000000001,86.995,74.913,94.78600000000002,114.45900000000002,116.5535,0.23333333333333334,0.26666666666666666,0.2733333333333333,0.24666666666666667,0.21333333333333335,0.26666666666666666,0.32666666666666666,0.3333333333333333,
89.553,84.55749999999999,104.4265,86.199,99.9115,87.631,99.6745,93.884,0.25333333333333335,0.24,0.3,0.24666666666666667,0.28,0.24666666666666667,0.28,0.26,
101.9395,60.103,98.059,96.223,103.6335,115.02799999999999,88.9695,101.869,0.29333333333333333,0.16,0.2733333333333333,0.2733333333333333,0.3,0.32666666666666666,0.25333333333333335,0.29333333333333333,
87.009,97.112,79.9855,73.001,78.435,89.3635,117.98100000000001,97.33249999999998,0.24666666666666667,0.2733333333333333,0.22666666666666666,0.2,0.22,0.25333333333333335,0.34,0.28,
91.09299999999999,105.158,91.55799999999999,91.081,90.824,89.775,92.297,85.7505,0.25333333333333335,0.3,0.26,0.26,0.25333333333333335,0.25333333333333335,0.26666666666666666,0.24,
87.518,99.0185,87.036,114.04650000000001,104.557,87.15649999999998,93.89150000000001,86.50900000000001,0.24666666666666667,0.28,0.24,0.32666666666666666,0.30666666666666664,0.25333333333333335,0.26,0.24666666666666667,
116.5125,88.09699999999998,72.295,120.0795,87.76650000000001,98.403,97.735,110.82300000000001,0.32666666666666666,0.24666666666666667,0.20666666666666667,0.3466666666666667,0.24666666666666667,0.28,0.2733333333333333,0.32,
79.662,94.7775,73.366,81.6375,94.24549999999999,103.037,103.803,76.848,0.22666666666666666,0.26666666666666666,0.2,0.22666666666666666,0.26666666666666666,0.29333333333333333,0.29333333333333333,0.21333333333333335,
75.521,81.1125,93.973,83.04349999999998,86.075,103.1015,108.7695,72.8405,0.21333333333333335,0.22666666666666666,0.26,0.23333333333333334,0.24,0.29333333333333333,0.31333333333333335,0.20666666666666667,
122.99549999999999,90.3065,101.2955,94.1495,68.551,85.0325,100.1795,98.091,0.35333333333333333,0.26,0.28,0.26666666666666666,0.18666666666666668,0.24,0.2866666666666667,0.28,
71.873,71.7015,94.641,96.926,104.819,107.909,98.645,95.689,0.2,0.2,0.26666666666666666,0.2733333333333333,0.3,0.30666666666666664,0.28,0.2733333333333333,
89.99400000000001,84.9735,110.7585,93.4305,84.345,127.4025,90.5285,123.3735,0.25333333333333335,0.23333333333333334,0.32,0.26666666666666666,0.24,0.36666666666666664,0.26,0.35333333333333333,
92.6505,97.8755,80.42800000000001,90.455,85.5295,76.0725,98.7405,68.2105,0.26,0.28,0.22666666666666666,0.25333333333333335,0.24,0.22,0.28,0.18666666666666668,
81.54200000000002,96.684,87.594,102.17549999999999,96.8275,75.79599999999999,110.219,113.382,0.23333333333333334,0.2733333333333333,0.24666666666666667,0.29333333333333333,0.2733333333333333,0.21333333333333335,0.31333333333333335,0.32666666666666666,
97.8495,73.831,68.676,92.4615,114.8555,99.7135,112.85700000000001,86.9385,0.28,0.21333333333333335,0.19333333333333333,0.26666666666666666,0.32666666666666666,0.28,0.32,0.24666666666666667,
91.005,86.632,65.64150000000001,95.176,84.55199999999999,105.238,77.7835,85.3635,0.25333333333333335,0.24666666666666667,0.18666666666666668,0.2733333333333333,0.23333333333333334,0.30666666666666664,0.22,0.24,
81.814,114.8015,64.2865,113.14750000000001,93.629,101.108,110.26149999999998,83.2025,0.23333333333333334,0.32666666666666666,0.17333333333333334,0.32666666666666666,0.26666666666666666,0.29333333333333333,0.31333333333333335,0.23333333333333334,
111.3175,74.35,93.3265,71.0725,118.3895,90.077,97.2135,92.0575,0.31333333333333335,0.20666666666666667,0.26666666666666666,0.2,0.34,0.25333333333333335,0.2733333333333333,0.26,
88.40950000000001,106.98,78.4975,91.606,112.4285,79.3395,72.9645,77.632,0.24666666666666667,0.31333333333333335,0.22,0.25333333333333335,0.32666666666666666,0.22666666666666666,0.20666666666666667,0.21333333333333335,
119.401,91.821,81.31,94.1375,83.2085,97.266,81.5525,95.20549999999999,0.34,0.26,0.23333333333333334,0.26666666666666666,0.23333333333333334,0.2733333333333333,0.23333333333333334,0.26666666666666666,
119.671,78.0305,108.0065,106.2845,102.52799999999999,93.1625,80.378,86.244,0.3466666666666667,0.22,0.31333333333333335,0.30666666666666664,0.2866666666666667,0.26666666666666666,0.22666666666666666,0.24666666666666667,
100.92000000000002,111.3355,108.786,94.6545,114.70499999999998,100.15400000000001,94.528,88.4395,0.2866666666666667,0.32,0.30666666666666664,0.26666666666666666,0.3333333333333333,0.2866666666666667,0.26666666666666666,0.25333333333333335,
100.1535,87.06600000000002,103.49,80.47,99.76650000000001,86.6935,109.17699999999999,94.261,0.2866666666666667,0.24666666666666667,0.3,0.22666666666666666,0.2866666666666667,0.24666666666666667,0.31333333333333335,0.26,
91.5185,105.283,69.3285,86.724,90.42999999999999,120.8655,75.7105,92.445,0.26666666666666666,0.3,0.19333333333333333,0.24666666666666667,0.26,0.34,0.22,0.26,
76.2125,105.69,93.5095,97.289,101.376,81.0985,112.59,104.241,0.21333333333333335,0.3,0.26,0.2733333333333333,0.28,0.22666666666666666,0.32666666666666666,0.29333333333333333,
83.6035,88.685,79.2765,96.6275,108.9805,94.7495,123.17349999999999,93.081,0.23333333333333334,0.24666666666666667,0.22,0.2733333333333333,0.32,0.26666666666666666,0.35333333333333333,0.26,
100.173,99.63050000000001,83.999,107.191,101.363,92.5785,106.563,72.116,0.28,0.2866666666666667,0.23333333333333334,0.3,0.2866666666666667,0.26,0.30666666666666664,0.20666666666666667,
93.989,102.5975,104.68499999999999,90.2535,97.63550000000001,79.2495,111.42800000000001,118.5885,0.2733333333333333,0.29333333333333333,0.29333333333333333,0.25333333333333335,0.28,0.22666666666666666,0.32666666666666666,0.34,
85.6095,96.17699999999999,111.8945,106.62049999999998,108.7,99.0465,92.64450000000001,94.7045,0.24666666666666667,0.26666666666666666,0.32,0.30666666666666664,0.30666666666666664,0.28,0.26,0.26666666666666666,
95.3055,105.5575,78.176,107.678,106.281,96.106,85.41250000000001,97.669,0.26666666666666666,0.3,0.21333333333333335,0.30666666666666664,0.30666666666666664,0.2733333333333333,0.24,0.2733333333333333,
106.6695,109.726,99.09150000000001,82.0365,80.3155,100.57349999999998,110.2315,90.392,0.30666666666666664,0.31333333333333335,0.28,0.23333333333333334,0.22,0.29333333333333333,0.31333333333333335,0.25333333333333335,
105.03449999999998,97.834,77.1685,110.26149999999998,90.97099999999999,110.247,94.4755,104.5655,0.3,0.28,0.22,0.31333333333333335,0.25333333333333335,0.31333333333333335,0.26666666666666666,0.3,
104.92,115.2255,83.9085,95.22,101.906,103.784,92.884,101.986,0.29333333333333333,0.34,0.23333333333333334,0.2733333333333333,0.2866666666666667,0.29333333333333333,0.26,0.2866666666666667,
91.5555,80.769,89.83899999999998,95.72899999999998,96.909,98.25450000000001,74.9315,107.4165,0.26,0.22666666666666666,0.25333333333333335,0.2733333333333333,0.2733333333333333,0.28,0.20666666666666667,0.30666666666666664,
87.7195,97.1585,105.53800000000001,94.623,102.7745,96.39049999999999,109.38900000000001,112.2415,0.24666666666666667,0.2733333333333333,0.3,0.26666666666666666,0.2866666666666667,0.2733333333333333,0.31333333333333335,0.31333333333333335,
98.91499999999999,77.76349999999998,120.7125,90.235,103.2175,132.7345,97.793,108.7645,0.2866666666666667,0.21333333333333335,0.3466666666666667,0.25333333333333335,0.2866666666666667,0.38666666666666666,0.2733333333333333,0.31333333333333335,
99.3115,74.4295,77.041,88.3165,106.534,95.79599999999999,87.8755,82.9945,0.28,0.21333333333333335,0.21333333333333335,0.24666666666666667,0.30666666666666664,0.2733333333333333,0.24666666666666667,0.23333333333333334,
83.654,78.0675,113.9445,81.224,95.78999999999999,93.4945,97.9,96.272,0.23333333333333334,0.22,0.32666666666666666,0.23333333333333334,0.2733333333333333,0.26666666666666666,0.2733333333333333,0.2733333333333333,
101.263,94.325,70.0715,107.7945,90.01150000000001,116.021,89.78999999999999,129.81,0.2866666666666667,0.26666666666666666,0.2,0.31333333333333335,0.26,0.3333333333333333,0.25333333333333335,0.37333333333333335,
76.779,67.59,91.7355,91.374,98.197,92.932,130.6705,81.1635,0.21333333333333335,0.18666666666666668,0.26,0.26,0.2733333333333333,0.26666666666666666,0.37333333333333335,0.22666666666666666,
70.855,83.271,85.658,89.9545,97.3105,87.18299999999999,98.834,108.281,0.19333333333333333,0.23333333333333334,0.24666666666666667,0.25333333333333335,0.2733333333333333,0.24666666666666667,0.28,0.30666666666666664,
115.7645,92.4365,101.183,110.71549999999998,116.416,87.4825,72.34,97.24200000000002,0.32666666666666666,0.26,0.2866666666666667,0.31333333333333335,0.32666666666666666,0.24666666666666667,0.2,0.2733333333333333,
100.7385,97.7005,91.2435,87.83350000000002,76.541,75.4045,80.23749999999998,83.56350000000002,0.2866666666666667,0.2733333333333333,0.26,0.24666666666666667,0.21333333333333335,0.21333333333333335,0.22,0.23333333333333334,
84.9265,85.20200000000001,81.6765,92.239,94.6235,89.5545,122.275,90.4155,0.24,0.24,0.22666666666666666,0.26,0.26666666666666666,0.25333333333333335,0.35333333333333333,0.25333333333333335,
88.8225,103.8905,86.6005,87.979,105.0615,75.3255,79.30799999999999,103.2945,0.25333333333333335,0.29333333333333333,0.25333333333333335,0.24666666666666667,0.3,0.21333333333333335,0.22666666666666666,0.29333333333333333,
97.3555,101.9045,88.975,107.8665,81.4565,104.15899999999999,83.467,93.453,0.2733333333333333,0.2866666666666667,0.25333333333333335,0.30666666666666664,0.22666666666666666,0.29333333333333333,0.23333333333333334,0.26,
90.713,98.0945,102.2535,97.5365,97.0875,105.7415,84.342,96.194,0.26,0.28,0.2866666666666667,0.2733333333333333,0.2733333333333333,0.3,0.24,0.28,
115.61099999999999,98.21999999999998,92.5455,96.6325,80.45,89.5655,75.07799999999999,105.8365,0.3333333333333333,0.28,0.26,0.2733333333333333,0.22666666666666666,0.25333333333333335,0.20666666666666667,0.30666666666666664,
100.065,84.022,70.0705,120.2675,92.9685,100.98949999999999,96.2745,97.62600000000002,0.28,0.23333333333333334,0.19333333333333333,0.3466666666666667,0.26666666666666666,0.2866666666666667,0.2733333333333333,0.2733333333333333,
85.6485,98.801,93.6325,91.16499999999999,94.609,110.037,101.101,111.74100000000001,0.24,0.2866666666666667,0.2733333333333333,0.25333333333333335,0.2733333333333333,0.31333333333333335,0.2866666666666667,0.32,
87.8925,100.4935,84.5695,109.083,100.16499999999999,95.044,103.7765,97.00199999999998,0.24,0.2866666666666667,0.24,0.31333333333333335,0.28,0.2733333333333333,0.3,0.2733333333333333,
101.58150000000002,102.2255,98.632,84.41499999999999,103.88,95.059,95.5625,96.43,0.2866666666666667,0.29333333333333333,0.28,0.24,0.29333333333333333,0.2733333333333333,0.2733333333333333,0.2733333333333333,
82.5445,83.6795,96.1945,96.6075,104.63199999999999,90.9995,70.947,87.12099999999998,0.23333333333333334,0.23333333333333334,0.2733333333333333,0.2733333333333333,0.3,0.25333333333333335,0.19333333333333333,0.24666666666666667,
113.2355,87.92699999999999,92.4135,131.6555,97.35249999999999,102.48899999999999,113.8215,106.0325,0.32666666666666666,0.25333333333333335,0.26,0.38,0.2733333333333333,0.29333333333333333,0.32,0.3,
122.82450000000001,110.666,73.6525,90.462,111.328,86.2075,108.5295,95.4925,0.35333333333333333,0.31333333333333335,0.20666666666666667,0.26,0.31333333333333335,0.24666666666666667,0.31333333333333335,0.26666666666666666,
93.46300000000001,108.174,71.333,101.387,95.088,88.93100000000001,94.1125,83.4655,0.26666666666666666,0.31333333333333335,0.19333333333333333,0.29333333333333333,0.2733333333333333,0.24666666666666667,0.26,0.23333333333333334,
88.6855,99.0115,87.6115,101.9205,107.059,91.447,109.365,98.88,0.25333333333333335,0.28,0.24666666666666667,0.29333333333333333,0.30666666666666664,0.26,0.30666666666666664,0.28,
115.2645,92.5175,111.06299999999999,111.7995,87.087,92.676,98.121,101.961,0.32666666666666666,0.26666666666666666,0.31333333333333335,0.32,0.24666666666666667,0.26666666666666666,0.28,0.29333333333333333,
106.76,93.5755,94.6495,93.98349999999999,81.4085,100.17000000000002,122.863,109.4695,0.30666666666666664,0.26666666666666666,0.2733333333333333,0.26666666666666666,0.22666666666666666,0.2866666666666667,0.35333333333333333,0.32,
102.556,90.838,86.762,93.1035,116.7355,82.178,104.6035,94.0005,0.29333333333333333,0.25333333333333335,0.24,0.26,0.3333333333333333,0.24,0.3,0.26666666666666666,
112.749,100.163,103.958,105.1225,98.984,80.58400000000002,79.955,94.70149999999998,0.32,0.28,0.3,0.3,0.28,0.22666666666666666,0.23333333333333334,0.26666666666666666,
98.127,100.04999999999998,100.063,76.028,92.708,99.315,106.1405,79.88550000000002,0.28,0.28,0.2866666666666667,0.21333333333333335,0.26,0.28,0.3,0.22666666666666666,
114.66800000000002,92.8955,67.8555,102.58,72.6675,107.32300000000001,123.0625,112.9705,0.32666666666666666,0.26,0.19333333333333333,0.2866666666666667,0.2,0.30666666666666664,0.35333333333333333,0.32666666666666666,
95.559,118.81799999999998,95.01350000000001,99.801,92.6805,93.3455,109.7095,110.5335,0.26666666666666666,0.34,0.26666666666666666,0.2866666666666667,0.26666666666666666,0.26666666666666666,0.31333333333333335,0.31333333333333335,
95.48250000000002,90.0265,107.0565,91.742,92.4755,103.037,81.97949999999999,100.39800000000001,0.2733333333333333,0.24666666666666667,0.30666666666666664,0.26,0.26,0.3,0.23333333333333334,0.2866666666666667,
95.38000000000001,97.848,119.5415,92.1365,81.031,105.61,91.76,107.6755,0.26666666666666666,0.28,0.34,0.26666666666666666,0.22666666666666666,0.30666666666666664,0.26,0.30666666666666664,
72.246,105.795,92.0255,83.812,85.316,73.2425,108.577,91.584,0.2,0.30666666666666664,0.26,0.24,0.24,0.2,0.30666666666666664,0.25333333333333335,
100.63550000000001,100.60849999999998,69.9155,73.4115,78.7535,99.3845,107.2245,68.85,0.28,0.2866666666666667,0.19333333333333333,0.21333333333333335,0.22,0.28,0.30666666666666664,0.19333333333333333,
120.504,83.019,123.03,78.265,97.267,75.986,101.987,94.03750000000001,0.3466666666666667,0.23333333333333334,0.35333333333333333,0.22,0.2733333333333333,0.20666666666666667,0.29333333333333333,0.26,
103.8055,100.588,107.301,119.485,96.0645,98.13300000000001,99.268,108.405,0.29333333333333333,0.2866666666666667,0.30666666666666664,0.3466666666666667,0.2733333333333333,0.28,0.2866666666666667,0.30666666666666664,
89.928,101.564,94.2315,97.813,94.5845,90.729,98.211,86.59550000000002,0.26,0.2866666666666667,0.26666666666666666,0.28,0.26666666666666666,0.25333333333333335,0.2733333333333333,0.24,
88.2945,102.4295,92.5575,104.534,89.789,91.44800000000001,109.15,84.3395,0.25333333333333335,0.2866666666666667,0.26666666666666666,0.3,0.25333333333333335,0.26,0.31333333333333335,0.24,
73.9255,116.1765,102.523,98.27349999999998,87.076,85.3195,98.542,78.44200000000001,0.20666666666666667,0.3333333333333333,0.29333333333333333,0.28,0.24666666666666667,0.24,0.2733333333333333,0.22,
74.863,119.699,88.4645,109.05949999999999,95.6705,76.6065,99.713,117.7245,0.20666666666666667,0.34,0.24666666666666667,0.30666666666666664,0.2733333333333333,0.22,0.28,0.34,
92.5195,84.001,104.7155,103.18650000000001,100.164,87.507,104.3215,95.9315,0.26,0.24,0.3,0.29333333333333333,0.28,0.24666666666666667,0.3,0.2733333333333333,
96.609,96.7685,101.241,99.608,92.943,115.55700000000002,99.16099999999999,106.939,0.2733333333333333,0.2733333333333333,0.2866666666666667,0.28,0.26,0.32666666666666666,0.28,0.30666666666666664,
80.684,83.888,106.0625,114.4115,108.97749999999999,98.5555,86.556,105.64349999999999,0.22666666666666666,0.24,0.3,0.32666666666666666,0.30666666666666664,0.28,0.24,0.3,
110.09649999999999,109.451,82.46000000000001,100.218,95.112,87.232,104.369,83.4465,0.31333333333333335,0.31333333333333335,0.22666666666666666,0.2866666666666667,0.2733333333333333,0.24666666666666667,0.30666666666666664,0.23333333333333334,
72.74549999999999,96.03,82.0875,102.08,96.016,94.35050000000001,113.873,88.076,0.2,0.2733333333333333,0.23333333333333334,0.2866666666666667,0.2733333333333333,0.2733333333333333,0.32666666666666666,0.25333333333333335,
86.1565,100.4915,103.775,92.9185,105.959,102.37,81.089,96.154,0.24666666666666667,0.2866666666666667,0.3,0.26666666666666666,0.3,0.29333333333333333,0.23333333333333334,0.2733333333333333,
80.8145,87.529,90.7555,108.98849999999999,100.518,100.462,105.668,109.2885,0.22666666666666666,0.25333333333333335,0.25333333333333335,0.31333333333333335,0.2866666666666667,0.2866666666666667,0.3,0.31333333333333335,
84.9885,100.1615,111.4905,95.3025,101.4205,95.34499999999998,107.468,92.906,0.23333333333333334,0.2866666666666667,0.31333333333333335,0.2733333333333333,0.2866666666666667,0.2733333333333333,0.30666666666666664,0.26,
93.099,104.827,113.9455,87.187,96.35,104.6265,110.15950000000001,100.158,0.26,0.3,0.32666666666666666,0.24,0.26666666666666666,0.3,0.31333333333333335,0.29333333333333333,
87.024,103.63800000000002,107.67699999999999,102.61050000000002,104.7325,97.80149999999999,100.634,100.4355,0.24666666666666667,0.29333333333333333,0.30666666666666664,0.29333333333333333,0.3,0.2733333333333333,0.29333333333333333,0.2866666666666667,
94.21199999999999,102.894,107.743,101.559,103.2065,87.4405,92.723,101.857,0.26666666666666666,0.29333333333333333,0.30666666666666664,0.29333333333333333,0.29333333333333333,0.25333333333333335,0.26,0.2866666666666667,
87.7125,84.811,113.9335,118.97549999999998,107.957,124.2695,80.813,85.953,0.24666666666666667,0.24,0.32666666666666666,0.34,0.30666666666666664,0.35333333333333333,0.22666666666666666,0.24,
85.727,81.106,106.8575,89.644,114.1,101.6765,97.94200000000001,98.076,0.24,0.22666666666666666,0.3,0.24666666666666667,0.32666666666666666,0.29333333333333333,0.28,0.28,
91.051,96.3625,84.903,109.5525,104.0265,77.562,94.22749999999999,105.27650000000001,0.25333333333333335,0.2733333333333333,0.24,0.31333333333333335,0.29333333333333333,0.21333333333333335,0.26666666666666666,0.3,
94.7325,80.9465,96.4655,101.0675,70.122,118.8395,91.1935,128.8715,0.26666666666666666,0.22666666666666666,0.2733333333333333,0.2866666666666667,0.2,0.34,0.26,0.37333333333333335,
92.388,72.894,79.924,104.5295,87.8045,99.7905,115.399,100.2015,0.26,0.2,0.22,0.3,0.24666666666666667,0.2866666666666667,0.3333333333333333,0.2866666666666667,
101.7355,100.7145,75.2045,71.5735,94.693,81.14,87.8375,96.92099999999999,0.29333333333333333,0.2866666666666667,0.20666666666666667,0.2,0.26666666666666666,0.22666666666666666,0.25333333333333335,0.28,
68.79599999999999,107.83700000000002,103.9615,96.6895,84.3985,89.3245,91.194,110.631,0.18666666666666668,0.30666666666666664,0.3,0.2733333333333333,0.24,0.25333333333333335,0.26,0.31333333333333335,
78.113,88.4765,110.86999999999999,88.4515,124.773,84.512,104.735,110.961,0.21333333333333335,0.24666666666666667,0.31333333333333335,0.24666666666666667,0.36,0.24,0.29333333333333333,0.32,
103.5465,104.449,97.6565,109.882,102.0065,111.054,97.473,93.784,0.29333333333333333,0.3,0.28,0.31333333333333335,0.29333333333333333,0.31333333333333335,0.2733333333333333,0.26666666666666666,
105.94049999999999,100.063,101.3225,77.77999999999999,88.28600000000002,93.56700000000001,92.9075,122.4625,0.3,0.2866666666666667,0.2866666666666667,0.21333333333333335,0.24666666666666667,0.26,0.26,0.3466666666666667,
93.4305,98.90099999999998,101.84300000000002,78.1175,101.73,76.695,73.0965,103.403,0.26,0.28,0.29333333333333333,0.22,0.2866666666666667,0.21333333333333335,0.2,0.29333333333333333,
100.0975,94.9115,89.3025,94.866,88.9995,101.7965,67.851,106.374,0.28,0.2733333333333333,0.25333333333333335,0.2733333333333333,0.25333333333333335,0.2866666666666667,0.18666666666666668,0.3,
86.8245,99.2,82.1135,113.1785,96.999,110.241,92.553,96.428,0.24666666666666667,0.28,0.22666666666666666,0.32,0.28,0.30666666666666664,0.26,0.28,
74.913,84.7105,97.249,96.4735,86.066,91.91299999999998,74.7015,115.89750000000001,0.21333333333333335,0.24,0.2733333333333333,0.2733333333333333,0.24,0.26,0.20666666666666667,0.3333333333333333,
121.475,99.36999999999999,90.6255,104.1695,102.451,107.0135,81.3295,87.6165,0.3466666666666667,0.28,0.26,0.29333333333333333,0.29333333333333333,0.30666666666666664,0.22666666666666666,0.24666666666666667,
103.1845,84.966,92.0715,85.263,94.47499999999998,101.10249999999999,109.783,91.5135,0.29333333333333333,0.24,0.26,0.24,0.26666666666666666,0.2866666666666667,0.31333333333333335,0.26,
111.689,82.20400000000002,84.6725,101.2815,105.2525,94.7315,109.7,109.8575,0.32,0.23333333333333334,0.23333333333333334,0.2866666666666667,0.29333333333333333,0.2733333333333333,0.31333333333333335,0.31333333333333335,
74.0855,122.00649999999999,96.299,107.62899999999999,113.592,82.056,127.48949999999999,89.728,0.21333333333333335,0.3466666666666667,0.28,0.30666666666666664,0.32666666666666666,0.22666666666666666,0.36666666666666664,0.25333333333333335,
88.4905,95.773,86.3905,110.994,91.10950000000001,81.3395,106.6925,99.008,0.24666666666666667,0.26666666666666666,0.24666666666666667,0.31333333333333335,0.26,0.22666666666666666,0.3,0.28,
116.1325,92.1805,98.65649999999998,107.3355,86.4535,88.9585,104.3045,97.7615,0.3333333333333333,0.26,0.28,0.30666666666666664,0.24666666666666667,0.24666666666666667,0.3,0.2733333333333333,
82.608,111.0955,129.832,100.2565,96.33749999999999,112.752,107.17550000000001,90.10049999999998,0.23333333333333334,0.32,0.37333333333333335,0.28,0.2733333333333333,0.32,0.3,0.25333333333333335,
82.738,101.04150000000001,117.8825,91.59,76.5305,91.2715,71.363,116.1635,0.23333333333333334,0.2866666666666667,0.34,0.26,0.21333333333333335,0.26,0.2,0.3333333333333333,
117.4475,81.4375,90.0445,98.9195,111.81249999999999,109.976,91.984,92.15450000000001,0.3333333333333333,0.22666666666666666,0.25333333333333335,0.2866666666666667,0.32,0.30666666666666664,0.26,0.25333333333333335,
92.3035,91.2295,104.799,109.6635,110.786,85.194,93.51,97.7265,0.26,0.26,0.29333333333333333,0.31333333333333335,0.31333333333333335,0.24,0.26666666666666666,0.2733333333333333,
86.748,81.43849999999999,97.2315,116.139,72.777,108.98349999999999,97.751,100.28399999999999,0.24666666666666667,0.22666666666666666,0.2733333333333333,0.3333333333333333,0.2,0.31333333333333335,0.28,0.28,
104.975,105.38299999999998,87.9805,112.5825,123.60849999999999,111.0255,108.2295,112.93299999999999,0.3,0.3,0.24666666666666667,0.32,0.35333333333333333,0.31333333333333335,0.31333333333333335,0.32,
122.9875,109.7135,90.32,89.6675,81.7065,101.1745,99.50900000000001,111.008,0.35333333333333333,0.30666666666666664,0.25333333333333335,0.25333333333333335,0.22666666666666666,0.28,0.28,0.31333333333333335,
105.606,105.43400000000001,118.7925,82.6005,79.874,96.4195,120.393,115.4965,0.3,0.3,0.34,0.23333333333333334,0.22666666666666666,0.26666666666666666,0.34,0.32666666666666666,
103.9335,93.8265,98.0205,94.5515,118.7525,108.3755,100.265,109.68650000000001,0.3,0.26666666666666666,0.28,0.26666666666666666,0.34,0.3,0.28,0.30666666666666664,
124.833,94.8025,98.147,95.054,79.7855,111.158,100.90299999999999,114.367,0.35333333333333333,0.26666666666666666,0.28,0.2733333333333333,0.22,0.31333333333333335,0.2866666666666667,0.32,
94.7285,113.374,115.542,110.42,90.139,116.5735,90.39599999999999,104.9025,0.26666666666666666,0.32666666666666666,0.32666666666666666,0.32,0.24666666666666667,0.32666666666666666,0.25333333333333335,0.3,
114.1215,100.0585,87.7875,115.27199999999999,100.682,111.7585,90.79699999999998,115.5095,0.32666666666666666,0.2866666666666667,0.24666666666666667,0.32666666666666666,0.28,0.31333333333333335,0.26,0.3333333333333333,
128.659,131.694,96.995,138.5085,101.1195,123.8895,122.26599999999999,96.963,0.36666666666666664,0.37333333333333335,0.2733333333333333,0.4,0.28,0.36,0.3466666666666667,0.2733333333333333,
103.646,104.4005,115.7705,105.325,103.34100000000002,96.569,115.57699999999998,95.4255,0.29333333333333333,0.29333333333333333,0.32666666666666666,0.29333333333333333,0.2866666666666667,0.2733333333333333,0.32666666666666666,0.26666666666666666,
114.3965,105.154,109.07,117.2185,98.31700000000001,108.37950000000001,113.1435,118.008,0.32666666666666666,0.29333333333333333,0.30666666666666664,0.3333333333333333,0.2733333333333333,0.30666666666666664,0.32,0.34,
123.3215,102.6995,123.5765,86.07250000000002,106.41049999999998,90.248,104.14500000000001,107.93,0.35333333333333333,0.2866666666666667,0.35333333333333333,0.24,0.30666666666666664,0.24666666666666667,0.29333333333333333,0.30666666666666664,
112.01599999999999,109.609,120.186,104.382,115.116,113.9585,123.967,122.38800000000002,0.31333333333333335,0.31333333333333335,0.34,0.2866666666666667,0.32666666666666666,0.32,0.35333333333333333,0.3466666666666667,
92.7575,126.6955,95.522,105.1615,132.921,104.002,131.128,115.59200000000001,0.26,0.36666666666666664,0.26666666666666666,0.29333333333333333,0.37333333333333335,0.29333333333333333,0.37333333333333335,0.32666666666666666,
97.264,94.11,101.35650000000001,112.0515,133.036,85.3985,109.794,113.72899999999998,0.2733333333333333,0.26,0.28,0.32,0.38,0.24,0.30666666666666664,0.32,
112.1175,104.816,108.124,88.554,100.8135,98.6455,122.279,112.52600000000001,0.31333333333333335,0.29333333333333333,0.30666666666666664,0.24666666666666667,0.2866666666666667,0.2733333333333333,0.3466666666666667,0.32,
121.2525,93.9175,110.07849999999999,114.873,115.389,97.636,97.50400000000002,113.58500000000001,0.34,0.26,0.31333333333333335,0.3333333333333333,0.32666666666666666,0.2733333333333333,0.2733333333333333,0.32666666666666666,
91.84050000000002,108.3415,112.723,104.9295,123.8725,116.946,93.58449999999999,108.85300000000001,0.25333333333333335,0.30666666666666664,0.32,0.29333333333333333,0.35333333333333333,0.32666666666666666,0.26,0.30666666666666664,
123.1705,85.12,118.59149999999998,117.83449999999999,119.9695,106.666,106.736,132.126,0.3466666666666667,0.24,0.34,0.3333333333333333,0.3466666666666667,0.30666666666666664,0.30666666666666664,0.37333333333333335,
99.983,111.4525,119.3305,123.426,104.5755,119.96749999999999,124.5805,103.34250000000002,0.28,0.31333333333333335,0.34,0.35333333333333333,0.29333333333333333,0.34,0.35333333333333333,0.29333333333333333,
84.357,139.7015,97.80799999999999,128.06,122.9925,147.75,139.1375,95.7115,0.23333333333333334,0.4,0.2733333333333333,0.36,0.3466666666666667,0.42,0.3933333333333333,0.26666666666666666,
108.1075,96.18100000000001,103.88150000000002,110.568,94.9285,102.47099999999999,102.9115,130.9935,0.30666666666666664,0.2733333333333333,0.29333333333333333,0.31333333333333335,0.26,0.29333333333333333,0.2866666666666667,0.37333333333333335,
102.237,118.369,120.8955,114.54799999999999,93.251,117.48400000000001,113.715,112.6705,0.29333333333333333,0.34,0.3466666666666667,0.3333333333333333,0.25333333333333335,0.32666666666666666,0.32,0.31333333333333335,
112.1845,120.10549999999999,101.674,79.0445,112.3205,132.713,114.94200000000001,128.61599999999999,0.32,0.34,0.2866666666666667,0.22666666666666666,0.31333333333333335,0.38,0.32666666666666666,0.36666666666666664,
108.7765,128.3635,119.143,127.422,132.787,104.7925,124.88299999999998,106.6025,0.30666666666666664,0.36666666666666664,0.34,0.36,0.37333333333333335,0.29333333333333333,0.36,0.3,
111.882,102.736,117.77850000000001,90.013,105.342,127.71000000000001,124.21949999999998,131.01,0.31333333333333335,0.29333333333333333,0.3333333333333333,0.25333333333333335,0.3,0.36666666666666664,0.35333333333333333,0.36666666666666664,
103.483,103.967,109.99950000000001,132.6495,102.5885,110.1065,121.2055,113.03,0.29333333333333333,0.2866666666666667,0.31333333333333335,0.37333333333333335,0.2866666666666667,0.30666666666666664,0.3466666666666667,0.32,
96.849,132.6195,103.686,98.0175,97.112,120.3605,112.21549999999999,115.90599999999999,0.2733333333333333,0.38,0.29333333333333333,0.2733333333333333,0.2733333333333333,0.3466666666666667,0.31333333333333335,0.32666666666666666,
118.283,125.497,101.8345,101.0975,112.29599999999999,123.2515,120.9805,131.14249999999998,0.3333333333333333,0.35333333333333333,0.2866666666666667,0.28,0.32,0.3466666666666667,0.3466666666666667,0.37333333333333335,
119.283,94.206,120.4755,99.295,86.252,97.87950000000001,120.59450000000001,100.72949999999999,0.34,0.26666666666666666,0.34,0.28,0.24,0.2733333333333333,0.34,0.2866666666666667,
101.237,123.481,118.90899999999999,113.5275,98.5575,124.94800000000001,102.1455,125.5515,0.2866666666666667,0.35333333333333333,0.34,0.32666666666666666,0.2733333333333333,0.36,0.29333333333333333,0.36,
120.53399999999999,95.8385,121.7815,129.319,108.4785,137.508,105.255,104.481,0.34,0.26666666666666666,0.3466666666666667,0.36666666666666664,0.3,0.3933333333333333,0.29333333333333333,0.29333333333333333,
127.9745,126.03199999999998,122.46600000000001,121.4505,114.33,89.2055,116.0895,93.44400000000002,0.36666666666666664,0.36,0.3466666666666667,0.3466666666666667,0.32,0.24666666666666667,0.32666666666666666,0.26,
