95.247375,102.931125,117.22725,115.08825,86.90475,102.831375,92.2755,105.66749999999999,0.255,0.28,0.33,0.32,0.23,0.28,0.245,0.29,
100.26375,112.7325,105.78187499999999,123.41962500000001,86.924625,122.97075000000002,91.156875,94.716375,0.27,0.315,0.29,0.35,0.23,0.345,0.24,0.255,
105.741,83.094,97.54612499999999,102.91274999999999,110.79412500000002,102.00824999999999,111.516375,105.16012500000001,0.29,0.215,0.265,0.28,0.31,0.28,0.31,0.29,
104.04899999999999,89.59987499999998,83.70450000000001,88.588875,125.929875,102.04087499999999,90.80025,97.77712499999998,0.285,0.24,0.22,0.23,0.355,0.28,0.24,0.265,
67.74074999999999,79.370625,105.38475,97.75649999999999,103.38149999999999,96.32099999999998,97.59787500000002,100.57462500000001,0.165,0.205,0.29,0.265,0.285,0.26,0.265,0.275,
105.65775000000001,95.69175,92.12774999999999,104.49112500000001,96.443625,105.60750000000002,84.93675,97.39837499999999,0.29,0.26,0.245,0.285,0.26,0.29,0.22,0.265,
96.45412500000002,75.57262499999999,87.36675,96.159375,123.55199999999999,99.41250000000001,123.34124999999997,104.89125,0.26,0.19,0.23,0.26,0.35,0.27,0.345,0.29,
114.73049999999999,81.27712500000001,96.858375,117.59025000000001,103.418625,97.67175,86.149125,106.2465,0.32,0.21,0.26,0.33,0.285,0.265,0.225,0.295,
102.802875,100.92862500000001,96.14512500000001,94.92749999999998,93.5985,100.72762499999997,125.27812499999999,85.40174999999999,0.28,0.275,0.26,0.255,0.25,0.275,0.36,0.22,
92.268375,105.222375,105.668625,116.32499999999999,112.0005,114.29625000000001,96.18074999999999,120.24449999999999,0.245,0.29,0.29,0.325,0.31,0.32,0.255,0.335,
118.22325000000001,93.790875,95.53800000000001,110.86612500000001,87.3765,100.10475000000001,107.04862500000002,94.18725,0.33,0.25,0.255,0.31,0.23,0.27,0.295,0.25,
112.30125000000001,113.83650000000002,124.95562500000001,109.68487499999999,76.61774999999999,96.24,99.192,91.68299999999999,0.31,0.315,0.355,0.305,0.195,0.255,0.27,0.245,
140.938875,99.40125,116.262,87.80175,92.4945,108.12374999999999,84.872625,102.6165,0.405,0.27,0.325,0.23,0.245,0.295,0.22,0.28,
87.7365,95.29724999999999,94.56675,111.11887499999999,100.191,97.393875,98.39287499999999,80.51475,0.23,0.255,0.255,0.31,0.27,0.265,0.265,0.205,
108.385875,90.89812500000001,84.56362499999999,106.25737500000001,79.34887499999999,86.248125,111.298125,102.897,0.295,0.24,0.22,0.29,0.205,0.225,0.305,0.28,
96.769875,100.19250000000001,110.565375,105.42787500000001,99.83024999999999,96.39262500000001,99.696,121.28662499999999,0.26,0.27,0.305,0.29,0.27,0.26,0.27,0.34,
93.526125,112.66312500000001,79.90275000000001,130.75575,114.48937500000001,96.3,121.228875,101.13075,0.255,0.315,0.205,0.375,0.315,0.26,0.34,0.275,
85.50450000000001,96.90187499999998,97.86375000000001,92.23649999999999,97.1955,82.943625,87.59100000000001,106.762125,0.225,0.26,0.26,0.245,0.26,0.215,0.23,0.295,
107.208375,92.313375,104.05950000000001,105.25949999999999,124.092375,122.439375,98.74837500000001,110.17425,0.295,0.245,0.285,0.29,0.35,0.345,0.27,0.305,
114.71287500000001,111.72825,100.9695,83.169375,117.377625,115.584,125.819625,85.8585,0.32,0.31,0.275,0.215,0.33,0.32,0.355,0.225,
100.365375,98.19000000000001,102.16575000000002,91.60537500000001,88.31812500000001,81.708375,96.893625,96.23512500000001,0.27,0.265,0.28,0.245,0.23,0.21,0.26,0.26,
94.671375,105.41700000000002,114.342,89.517375,90.43050000000001,89.7495,93.74175,86.902125,0.255,0.29,0.32,0.235,0.24,0.235,0.25,0.23,
108.091875,90.93674999999999,90.209625,101.890125,99.648,121.43100000000001,97.582875,109.04587500000001,0.295,0.24,0.24,0.275,0.27,0.345,0.26,0.3,
88.924875,89.390625,80.740875,113.983875,125.46374999999999,108.219,123.67125000000001,99.5805,0.235,0.235,0.205,0.32,0.355,0.3,0.35,0.27,
91.42125,87.13500000000002,103.17450000000001,96.75525,97.13475000000001,103.65037500000001,94.41525,110.22975000000001,0.245,0.23,0.28,0.26,0.26,0.285,0.255,0.305,
105.702375,102.756375,101.113125,111.58537499999998,122.14350000000002,103.61175000000001,92.733375,115.74374999999998,0.29,0.28,0.275,0.31,0.345,0.28,0.245,0.325,
99.04612499999999,90.60487499999999,110.92425,107.58975000000001,112.30087499999999,103.2975,121.21837500000001,102.29325,0.27,0.24,0.31,0.295,0.31,0.285,0.34,0.28,
94.2735,83.603625,93.831375,106.71075,81.826125,117.481125,99.809625,129.73387499999998,0.25,0.215,0.25,0.295,0.21,0.33,0.27,0.37,
106.220625,120.962625,96.99374999999998,76.831875,96.81675000000001,93.85125,102.66300000000001,123.24374999999999,0.29,0.34,0.26,0.195,0.26,0.25,0.28,0.345,
79.86825,84.4125,76.578,117.3495,101.088,80.359125,108.95700000000001,102.02587500000001,0.205,0.22,0.195,0.33,0.275,0.205,0.3,0.275,
110.75737500000001,112.15087500000001,107.90625,89.87774999999999,105.77775000000001,118.43437499999999,78.28987500000001,106.162125,0.305,0.315,0.295,0.235,0.29,0.335,0.2,0.29,
78.907125,98.11612500000001,90.8115,101.16225000000001,106.75912500000001,106.97325,92.11425000000001,91.87875,0.2,0.265,0.24,0.275,0.295,0.295,0.245,0.245,
116.377875,99.657375,78.371625,103.114875,95.119875,99.07350000000001,87.002625,118.72312500000002,0.325,0.27,0.2,0.28,0.255,0.265,0.23,0.335,
117.36449999999999,99.47887499999999,84.178125,93.59812500000001,112.65825000000001,98.1885,86.220375,84.03075,0.33,0.27,0.22,0.25,0.31,0.265,0.225,0.22,
84.41924999999999,106.57237499999998,97.93012499999999,92.843625,92.41425,79.67812500000001,86.388375,101.361,0.22,0.29,0.265,0.25,0.245,0.205,0.225,0.275,
82.62825,99.448875,99.90374999999997,89.15175,91.79962499999999,101.409,96.07537500000001,93.52275000000002,0.215,0.27,0.275,0.235,0.245,0.275,0.26,0.25,
91.4205,92.47574999999999,92.77425000000001,110.868375,94.3065,81.5625,96.25649999999999,105.15449999999998,0.245,0.245,0.245,0.31,0.255,0.21,0.26,0.29,
113.20125,100.14975000000001,104.38387499999999,85.41637499999999,106.58062500000001,99.50887499999999,123.386625,87.20025,0.315,0.27,0.285,0.225,0.29,0.27,0.35,0.23,
134.5485,92.21849999999999,89.56275,85.989,87.06825,90.73087500000001,83.061375,92.1915,0.385,0.245,0.235,0.225,0.23,0.24,0.215,0.245,
105.0315,99.5055,96.97050000000002,115.012125,107.12400000000001,126.126375,96.185625,93.940125,0.29,0.265,0.26,0.325,0.295,0.355,0.255,0.25,
98.757375,101.779875,100.99125,119.45774999999999,86.49825,107.56387500000001,120.82650000000001,92.275875,0.27,0.275,0.275,0.335,0.225,0.295,0.34,0.245,
100.90162500000001,99.54299999999999,90.178125,80.925375,88.21575,91.01325000000001,87.484875,100.12537499999998,0.275,0.27,0.24,0.21,0.235,0.24,0.23,0.27,
86.6895,99.394875,102.177375,86.91075,95.76974999999999,117.13199999999999,97.8615,83.35425,0.225,0.27,0.28,0.23,0.255,0.33,0.265,0.215,
98.5545,81.619125,95.15325,108.570375,92.506875,105.396375,99.96637500000001,101.15624999999999,0.265,0.21,0.255,0.3,0.245,0.29,0.27,0.275,
109.98899999999999,96.4245,92.47875,100.48275000000001,103.77750000000002,82.63987499999999,86.9895,73.227,0.305,0.26,0.245,0.27,0.285,0.215,0.23,0.185,
128.146125,83.389125,105.59962499999999,102.153,101.02725,98.8395,97.035375,99.19725,0.365,0.215,0.29,0.28,0.275,0.265,0.26,0.27,
83.63550000000001,105.61162499999999,101.94825,115.73025,92.641875,95.95125,110.11725000000001,89.376375,0.22,0.29,0.28,0.325,0.245,0.26,0.31,0.235,
83.76375000000002,120.41775,94.53375000000001,97.48837499999999,106.03424999999999,115.15725,110.84100000000001,100.47825,0.215,0.34,0.255,0.26,0.29,0.32,0.305,0.27,
91.811625,112.05525,115.001625,79.43175,82.22625000000001,93.67724999999999,85.753875,97.99462500000001,0.245,0.31,0.32,0.2,0.21,0.25,0.225,0.265,
105.484875,93.97274999999999,97.67775,102.13425000000001,92.339625,118.843125,99.74775000000001,108.66037500000002,0.285,0.25,0.265,0.28,0.245,0.335,0.27,0.3,
86.49600000000001,99.61425,106.168125,90.488625,99.36862500000001,104.28750000000001,105.69525,95.281125,0.225,0.27,0.29,0.24,0.265,0.285,0.29,0.255,
113.092125,108.49312499999999,104.80312500000001,92.12437499999999,116.20087500000001,91.463625,96.38325,95.70337500000001,0.315,0.3,0.29,0.245,0.325,0.245,0.255,0.26,
88.688625,119.511375,109.06387499999998,96.434625,95.184,106.50037499999999,111.529875,94.90799999999999,0.23,0.34,0.3,0.26,0.255,0.29,0.31,0.255,
100.50299999999999,118.707375,127.823625,114.030375,96.06412499999999,117.274125,125.06887499999999,78.30075,0.27,0.335,0.365,0.315,0.26,0.33,0.355,0.2,
98.597625,106.930875,102.588375,107.206875,115.086,96.66412500000001,85.035375,134.4735,0.265,0.295,0.28,0.295,0.32,0.26,0.22,0.385,
101.533875,92.683125,92.74312499999999,111.83699999999999,104.77387499999999,114.61725,105.94387499999999,95.1135,0.275,0.25,0.245,0.31,0.29,0.32,0.29,0.255,
118.186875,93.09749999999998,104.25675,94.05075000000001,92.20275000000001,103.72725,117.42224999999999,88.41600000000001,0.33,0.25,0.285,0.25,0.245,0.28,0.33,0.235,
98.84174999999999,108.724875,94.083,99.91274999999999,96.9435,101.24062500000001,97.599,107.75887499999997,0.265,0.3,0.25,0.27,0.26,0.275,0.26,0.295,
114.685125,98.1795,108.774,85.22325,91.17375,103.02675,106.96875,101.86200000000001,0.32,0.265,0.3,0.225,0.24,0.28,0.29,0.28,
109.444125,121.543125,107.12774999999999,115.12537499999999,99.66637499999999,109.60425000000001,86.52975,95.844,0.305,0.345,0.295,0.32,0.27,0.305,0.225,0.255,
109.08825,99.48225,98.917875,106.66762499999999,87.8445,115.72462499999999,131.62912500000002,117.68624999999999,0.3,0.27,0.27,0.29,0.225,0.32,0.375,0.33,
112.519875,121.771125,102.037125,121.706625,117.63225,97.05637499999999,115.02449999999999,88.926,0.31,0.34,0.275,0.34,0.33,0.26,0.32,0.235,
103.699125,110.029125,126.82725,107.09400000000001,95.986875,124.99499999999999,108.886125,122.48887500000001,0.285,0.305,0.36,0.295,0.255,0.355,0.3,0.345,
111.80475000000001,104.689125,94.677375,98.393625,94.395,103.06800000000001,66.232125,108.45,0.31,0.285,0.255,0.265,0.25,0.28,0.16,0.3,
109.95150000000001,102.349125,126.90187499999999,107.840625,102.72224999999999,110.26950000000001,91.667625,112.695375,0.305,0.275,0.36,0.295,0.28,0.3,0.245,0.31,
119.63812499999999,98.56425000000002,89.95087500000001,106.33725000000001,110.488125,130.49587499999998,107.42025,119.491875,0.335,0.265,0.235,0.29,0.305,0.37,0.295,0.335,
117.64574999999999,90.54225,97.33312500000001,89.157,114.285,109.616625,117.072,90.616125,0.33,0.24,0.26,0.235,0.32,0.305,0.325,0.24,
99.62174999999999,110.78175,124.419,114.38925,93.57675,122.14350000000002,104.95575000000001,95.315625,0.27,0.305,0.35,0.32,0.25,0.345,0.285,0.255,
109.144875,110.0955,143.256375,89.872875,98.844,119.23987500000001,113.08537499999998,107.52187500000001,0.3,0.305,0.415,0.235,0.27,0.335,0.315,0.295,
100.42725,97.15612499999999,109.042125,96.189375,113.45924999999998,113.730375,84.75300000000001,106.53187499999999,0.27,0.26,0.3,0.255,0.315,0.315,0.22,0.29,
94.19887499999999,125.569125,86.794875,101.0115,120.723,96.9195,112.22099999999999,82.302,0.25,0.355,0.225,0.27,0.34,0.26,0.31,0.21,
100.79887500000001,90.95474999999999,101.80462499999999,109.269375,91.98450000000001,109.73024999999998,97.16812500000002,102.47737500000001,0.275,0.24,0.275,0.3,0.24,0.305,0.26,0.28,
90.53025,99.899625,93.78487500000001,102.15449999999998,113.63362500000001,108.83100000000002,107.096625,96.88875,0.24,0.27,0.25,0.275,0.315,0.3,0.295,0.26,
112.81237499999997,110.07225,95.214375,113.256,105.32962500000001,117.44812499999999,96.75675000000001,95.068125,0.315,0.305,0.255,0.315,0.29,0.325,0.26,0.255,
97.703625,109.39687500000001,92.39475,109.93574999999998,93.32625,115.4475,115.50299999999999,111.2415,0.265,0.3,0.245,0.3,0.25,0.32,0.32,0.305,
126.69225,133.019625,110.87512500000001,109.350375,115.077375,93.851625,91.618125,98.99962500000001,0.36,0.38,0.305,0.3,0.32,0.25,0.24,0.265,
116.30362500000001,87.62475,112.98712499999999,94.14450000000001,116.85825000000001,101.59762500000001,109.857,107.52337499999999,0.325,0.23,0.315,0.25,0.325,0.28,0.305,0.295,
107.865,122.13149999999999,135.220125,107.4825,115.64999999999999,114.45337500000001,104.626875,100.93237500000001,0.295,0.345,0.385,0.295,0.325,0.32,0.285,0.275,
115.28587499999998,100.05375,105.789,111.49875,107.45512500000001,116.23725,101.4555,103.59637500000001,0.32,0.27,0.29,0.31,0.295,0.325,0.275,0.28,
94.04624999999999,92.305875,109.49700000000001,130.18425000000002,102.62962499999999,78.466875,106.75125000000001,106.27612500000001,0.25,0.245,0.3,0.37,0.28,0.2,0.295,0.29,
120.84187500000002,102.25912500000001,93.673875,97.46362500000002,86.21175,116.96775,98.65012500000002,112.070625,0.34,0.275,0.25,0.265,0.225,0.325,0.265,0.31,
95.074875,107.75099999999999,115.13662500000001,108.405375,104.35312499999999,114.46650000000001,109.11524999999999,102.90412500000001,0.255,0.295,0.32,0.3,0.285,0.32,0.3,0.28,
76.31887499999999,96.86212499999999,128.91525,114.79950000000001,93.75412499999999,97.0635,95.57625,81.465,0.19,0.26,0.365,0.32,0.25,0.26,0.255,0.21,
127.71075000000002,93.71100000000001,106.59037499999998,85.292625,97.99799999999999,116.577375,77.602875,107.159625,0.36,0.25,0.29,0.22,0.265,0.325,0.195,0.295,
132.70837500000002,95.21625,95.656125,83.44574999999999,77.46675,99.03074999999998,92.0265,106.44187500000001,0.38,0.25,0.255,0.215,0.195,0.265,0.245,0.29,
104.09400000000001,86.105625,100.96837500000001,101.31975,101.15887500000001,107.41987499999999,108.08924999999999,87.55725,0.285,0.22,0.275,0.275,0.275,0.295,0.295,0.225,
99.574875,81.485625,118.06275000000001,100.19662500000001,116.78250000000001,98.33212499999999,84.38362500000001,96.192,0.27,0.21,0.33,0.27,0.325,0.265,0.22,0.255,
89.91975000000001,100.01437499999999,87.478875,104.752125,100.32525,111.29287500000001,100.86675000000001,117.25387500000001,0.235,0.27,0.225,0.285,0.27,0.305,0.27,0.325,
110.608125,98.70225,92.992875,113.3565,103.168125,97.32037500000001,103.50224999999999,102.12525,0.31,0.265,0.245,0.315,0.28,0.265,0.285,0.275,
103.64437499999998,109.71562499999999,71.704125,95.08312500000001,109.05225,117.15787499999999,111.894375,109.98937500000001,0.28,0.3,0.175,0.255,0.3,0.33,0.31,0.305,
85.041375,85.350375,109.80375000000001,83.959875,97.372125,80.127375,83.535,84.43950000000001,0.22,0.22,0.3,0.215,0.26,0.205,0.215,0.22,
91.97175000000001,92.3865,93.19875,97.83449999999999,102.890625,97.231125,104.27325000000002,99.861,0.245,0.245,0.245,0.265,0.28,0.26,0.285,0.27,
100.051125,84.28724999999999,95.417625,97.33274999999999,137.116125,127.05937499999999,110.69699999999999,102.322875,0.27,0.215,0.255,0.26,0.39,0.36,0.305,0.28,
91.41,96.635625,98.41425,112.89975,109.83487500000001,108.114375,105.793125,96.20662499999999,0.24,0.26,0.265,0.315,0.305,0.3,0.29,0.26,
91.782375,110.83125000000001,98.07787499999999,98.02199999999999,101.691,93.252,98.46,104.697,0.24,0.305,0.265,0.265,0.275,0.25,0.265,0.285,
98.14949999999999,87.175125,122.92875000000001,92.655375,96.934875,104.92200000000001,96.69262499999999,107.75025000000001,0.265,0.23,0.345,0.245,0.26,0.285,0.26,0.295,
93.59475,80.943,103.54425,119.70037500000001,97.00874999999999,112.05,85.49625,101.94225,0.245,0.21,0.285,0.335,0.26,0.305,0.22,0.275,
104.09587499999999,106.42537499999999,110.69924999999999,87.10425,84.55275,88.993875,92.905875,104.192625,0.285,0.29,0.305,0.225,0.215,0.235,0.245,0.285,
107.84737500000001,104.936625,101.88337500000002,90.06225,93.081,92.19675,104.74425,92.68050000000001,0.295,0.285,0.275,0.235,0.245,0.245,0.285,0.245,
105.96825,101.35499999999999,86.01975,101.7615,91.800375,103.34249999999999,93.56775,99.650625,0.29,0.27,0.225,0.275,0.24,0.28,0.25,0.265,
83.36175,96.27712499999998,105.85837499999998,106.70962499999999,102.8295,105.1635,102.128625,88.96125,0.215,0.255,0.29,0.29,0.285,0.285,0.28,0.235,
112.46699999999998,91.34737500000001,107.08575,101.64599999999999,106.26900000000002,110.036625,114.93337499999998,91.342125,0.31,0.24,0.295,0.275,0.29,0.305,0.32,0.24,
87.60449999999999,84.45225,94.95150000000001,105.730125,88.30725,102.456,104.60325,102.94275,0.23,0.22,0.255,0.29,0.23,0.28,0.285,0.28,
119.65987500000001,99.3135,108.090375,95.833875,79.75425,103.2405,96.79012499999999,113.434125,0.335,0.27,0.3,0.255,0.205,0.28,0.26,0.315,
102.46575000000001,96.96,99.97950000000002,90.857625,84.97275,97.199625,95.862,110.80725,0.28,0.26,0.27,0.24,0.22,0.26,0.255,0.305,
102.95625000000001,102.06599999999999,101.56837499999999,90.893625,89.539875,104.37150000000001,125.498625,113.98499999999999,0.28,0.275,0.275,0.24,0.235,0.285,0.355,0.315,
103.630875,104.661,107.644875,107.368875,92.058,109.34962499999999,110.13900000000001,92.200875,0.28,0.285,0.295,0.295,0.245,0.3,0.305,0.245,
88.66950000000001,101.358,100.98975,104.8395,97.765125,88.84500000000001,107.17312500000001,82.338,0.235,0.275,0.275,0.285,0.265,0.23,0.295,0.215,
101.85675,107.76525000000001,96.739125,100.333125,78.4005,93.728625,107.586,100.19775000000001,0.275,0.295,0.26,0.275,0.2,0.25,0.295,0.27,
95.20875,110.19449999999999,115.608375,83.080125,93.146625,100.76887500000001,111.591375,83.379,0.255,0.305,0.32,0.21,0.25,0.27,0.31,0.215,
106.68075,94.439625,103.315875,89.75550000000001,110.49,98.385,126.43875,101.19525,0.295,0.255,0.28,0.235,0.305,0.265,0.355,0.275,
118.10475000000001,93.594,98.54100000000001,99.108375,104.965125,97.10887500000001,101.05950000000001,92.15925,0.33,0.25,0.265,0.27,0.285,0.26,0.275,0.245,
81.22649999999999,114.97125000000003,87.492375,112.25475000000002,99.9135,104.65050000000001,84.5895,90.586125,0.21,0.32,0.225,0.31,0.27,0.285,0.22,0.24,
101.45100000000001,86.9505,114.55462499999999,90.879375,100.052625,98.13787500000001,95.06550000000001,81.73875,0.275,0.23,0.315,0.24,0.27,0.265,0.255,0.21,
83.544,106.05749999999999,78.855,96.67500000000001,85.821375,92.199,103.606125,112.10437499999999,0.215,0.29,0.2,0.26,0.225,0.245,0.285,0.315,
95.25937499999999,105.86212499999999,90.52875,93.899625,86.59537499999999,104.37487499999999,92.095125,110.04150000000001,0.255,0.29,0.24,0.25,0.225,0.285,0.245,0.305,
111.6915,100.399125,80.25,104.655375,104.656875,121.07325000000002,97.06949999999999,102.6435,0.31,0.27,0.205,0.29,0.285,0.34,0.26,0.28,
96.33637499999999,103.607625,124.854,94.534125,106.994625,111.925125,99.70049999999999,89.6955,0.26,0.28,0.355,0.25,0.295,0.31,0.27,0.235,
89.12400000000001,110.13825,91.675125,104.547375,99.07275,122.665125,72.753375,93.15675000000002,0.235,0.305,0.245,0.285,0.265,0.345,0.18,0.25,
98.460375,102.84412499999999,114.17174999999999,106.27612500000001,98.536125,87.5745,101.655,102.72262500000001,0.265,0.28,0.32,0.29,0.265,0.23,0.275,0.28,
94.335375,105.97612500000001,103.62112499999999,101.43637500000001,110.04862500000002,89.49487500000001,100.79512499999998,76.225875,0.255,0.29,0.28,0.275,0.305,0.235,0.275,0.19,
102.4995,114.20662499999999,81.72075,109.17337500000001,119.36812499999999,100.42162499999999,90.498375,101.14125,0.28,0.32,0.21,0.3,0.335,0.27,0.24,0.275,
107.3925,112.252875,94.04287500000001,109.67925000000001,112.87650000000001,86.5185,96.83024999999999,94.261875,0.29,0.31,0.25,0.305,0.315,0.225,0.255,0.25,
101.661,103.305,102.097125,87.636375,110.202375,102.52237500000001,101.75475,99.80925,0.275,0.28,0.275,0.23,0.305,0.28,0.275,0.27,
104.65275,112.57275000000001,105.86137500000001,105.989625,102.37200000000001,99.42262500000001,99.55274999999999,100.126875,0.285,0.315,0.29,0.29,0.28,0.27,0.27,0.27,
106.832625,81.73462500000001,122.80574999999999,86.84925000000001,119.239125,101.657625,92.76787499999999,97.12575,0.295,0.21,0.345,0.225,0.335,0.275,0.245,0.255,
88.70775,88.47525,94.711125,95.55825,117.33,91.07175000000001,114.06675,99.278625,0.235,0.23,0.255,0.255,0.325,0.24,0.32,0.27,
94.46025,115.471125,103.33274999999999,91.216875,81.99075,103.41637499999999,100.68862499999999,95.160375,0.25,0.32,0.28,0.24,0.21,0.28,0.275,0.255,
92.87887500000001,99.67875000000001,89.52112500000001,104.68987499999999,105.44024999999999,93.69524999999999,86.038875,101.089125,0.245,0.27,0.235,0.29,0.29,0.25,0.225,0.275,
109.9545,111.0075,101.744625,108.02737499999999,93.01125,106.177875,102.8655,88.56037500000001,0.305,0.305,0.275,0.295,0.245,0.29,0.28,0.23,
94.59675,91.853625,101.278875,110.57137499999999,89.81662499999999,104.05199999999999,91.2435,95.239125,0.255,0.245,0.275,0.305,0.235,0.285,0.24,0.255,
82.90875,102.86325,89.446875,103.95375,108.03150000000001,97.7235,86.458875,112.46812500000001,0.21,0.28,0.235,0.285,0.295,0.265,0.225,0.315,
98.78175,85.16325,92.46375,101.40525,97.60425000000001,92.46675,86.015625,97.25887499999999,0.265,0.22,0.24,0.275,0.265,0.245,0.225,0.26,
109.18499999999999,113.395875,95.35012499999999,104.30025,96.98775,93.41250000000001,107.82750000000001,91.622625,0.3,0.315,0.255,0.285,0.26,0.25,0.295,0.24,
91.2795,90.81825,88.875,95.533875,111.55312500000001,92.330625,87.546375,106.15275,0.24,0.24,0.235,0.255,0.31,0.245,0.23,0.29,
106.827,94.887375,107.426625,101.664375,100.58024999999999,103.55624999999999,105.48562500000001,92.691375,0.29,0.255,0.295,0.275,0.275,0.28,0.29,0.245,
95.568,73.139625,119.45625000000001,99.01275000000001,105.19049999999999,91.783125,123.28612499999998,94.4055,0.255,0.18,0.335,0.265,0.29,0.245,0.345,0.25,
92.32875,107.08912500000001,106.56037500000001,86.703375,95.995125,90.4005,95.9235,100.972125,0.25,0.295,0.29,0.225,0.255,0.235,0.255,0.275,
78.66412500000001,104.26837499999999,88.60125000000001,94.08449999999999,82.572375,98.98575,79.4475,90.921,0.2,0.285,0.23,0.25,0.21,0.265,0.2,0.24,
86.005125,86.20200000000001,96.559125,83.709,85.214625,104.79674999999999,94.831875,104.0985,0.225,0.225,0.26,0.215,0.225,0.285,0.255,0.285,
95.01825,111.63900000000001,94.4985,74.67337500000001,91.086375,125.533125,92.3415,90.43537500000001,0.255,0.31,0.255,0.19,0.24,0.355,0.245,0.24,
98.43450000000001,108.47025000000001,94.86375,110.61637499999998,97.64475,103.60425000000001,101.577375,107.7135,0.265,0.3,0.255,0.305,0.26,0.285,0.275,0.295,
94.947,105.327,82.18799999999999,110.329875,92.59049999999999,88.591875,100.966875,113.701875,0.255,0.29,0.21,0.305,0.245,0.23,0.275,0.315,
103.13775,108.098625,83.629875,104.87325,93.8505,79.85400000000001,80.8905,96.952875,0.28,0.295,0.215,0.285,0.25,0.205,0.205,0.26,
110.15549999999999,97.402875,102.619125,101.869125,86.495625,115.27725000000001,111.793875,91.29675,0.305,0.26,0.28,0.275,0.225,0.32,0.31,0.245,
110.63550000000001,92.231625,99.17475,100.32075,108.962625,92.024625,117.237375,98.959125,0.305,0.24,0.265,0.27,0.3,0.24,0.33,0.265,
104.059125,87.969,104.7045,88.41975000000001,93.02212499999999,90.57375,102.13125,103.242,0.285,0.23,0.285,0.23,0.245,0.24,0.275,0.28,
92.68350000000001,100.35862499999999,120.016875,91.07775,104.29912499999998,81.82837500000001,110.43225,106.62299999999999,0.245,0.27,0.34,0.24,0.285,0.21,0.305,0.295,
113.452125,112.581,100.18125,98.198625,109.70325000000001,82.62487499999999,112.884,129.309,0.315,0.31,0.27,0.265,0.305,0.21,0.315,0.37,
106.77112500000001,95.739,100.42912499999998,99.61612500000001,105.898875,114.73875000000001,100.32525,103.05000000000001,0.295,0.255,0.275,0.27,0.29,0.32,0.275,0.28,
92.29950000000001,101.569125,89.509875,110.02949999999998,98.70675,106.47225,94.76925,87.17962499999999,0.245,0.275,0.235,0.305,0.265,0.295,0.25,0.225,
102.669,102.83512499999998,94.66874999999999,94.07175000000001,99.99562499999998,96.33525,94.0395,101.894625,0.28,0.28,0.25,0.25,0.27,0.255,0.25,0.275,
99.36750000000002,80.197875,94.87875,109.81275,92.56912500000001,90.91425,94.883625,110.01075000000002,0.265,0.205,0.255,0.3,0.245,0.24,0.25,0.3,
93.198375,111.46125,104.10000000000001,97.5315,99.126375,116.34375,91.354125,99.95025,0.245,0.31,0.285,0.26,0.27,0.32,0.24,0.27,
90.756375,109.49175000000001,78.60000000000001,99.729375,101.39775,100.282875,91.29525000000001,83.750625,0.24,0.3,0.2,0.27,0.275,0.27,0.24,0.215,
96.97274999999999,100.81949999999999,93.193125,106.828125,79.54575,107.39737500000001,102.54937500000001,97.98675,0.26,0.27,0.245,0.29,0.205,0.295,0.275,0.265,
103.69049999999999,93.69974999999998,105.609375,103.01475,101.34224999999999,85.225875,70.749,100.16212499999999,0.285,0.25,0.29,0.28,0.275,0.22,0.17,0.27,
97.97625,85.519125,90.58162499999999,103.13437499999999,99.09599999999999,98.85225,93.28800000000001,102.65549999999999,0.265,0.22,0.24,0.28,0.27,0.265,0.25,0.28,
109.2285,115.981875,110.967375,87.89174999999999,108.77662500000001,99.814875,83.51175,90.515625,0.3,0.325,0.305,0.23,0.3,0.27,0.215,0.235,
95.89274999999999,97.635,95.110125,71.38125,101.35125,90.633375,102.04612499999999,103.72162499999999,0.255,0.265,0.255,0.175,0.275,0.235,0.275,0.28,
119.90775000000001,101.763,114.033375,110.742,94.95075,91.93425,94.6185,91.52025,0.335,0.275,0.315,0.305,0.255,0.245,0.255,0.24,
99.86962500000001,95.29199999999999,84.80287499999999,102.11812499999999,93.51674999999999,98.86350000000002,96.8475,109.00874999999999,0.27,0.255,0.22,0.28,0.25,0.265,0.26,0.3,
105.776625,101.62125,87.85574999999999,78.2385,78.429,108.96000000000001,97.814625,87.845625,0.29,0.275,0.23,0.195,0.2,0.3,0.265,0.23,
97.71525,92.747625,78.88125,87.68025,83.643375,88.5195,95.24625,82.95075,0.26,0.245,0.2,0.23,0.215,0.235,0.255,0.215,
101.42399999999999,74.51325,93.125625,97.60312499999999,95.230125,95.616,86.41725000000001,102.67200000000001,0.275,0.19,0.245,0.265,0.255,0.255,0.225,0.28,
96.962625,92.353875,99.81675,101.060625,111.033375,108.43237500000001,85.21987499999999,93.628875,0.26,0.245,0.27,0.275,0.305,0.3,0.22,0.25,
85.18275,86.8605,96.58125,88.972125,83.95912499999999,89.51400000000001,96.301125,97.96087499999999,0.22,0.225,0.26,0.235,0.22,0.235,0.26,0.265,
102.23625000000001,98.69662500000001,114.43275,86.60475,94.533,76.30499999999999,92.4105,103.07625,0.28,0.265,0.32,0.225,0.255,0.19,0.245,0.28,
93.745125,101.66775,99.52387499999999,93.74175,109.137375,109.16737499999999,94.047,101.881875,0.25,0.275,0.27,0.25,0.3,0.3,0.25,0.275,
106.24312499999999,109.042875,95.52000000000001,95.481,86.653125,81.64575,109.10475000000001,104.57925,0.29,0.3,0.255,0.255,0.225,0.21,0.3,0.285,
83.43074999999999,101.69775000000001,86.82825,80.08500000000001,94.2675,90.90450000000001,91.71375,98.864625,0.215,0.28,0.225,0.205,0.25,0.24,0.245,0.265,
86.950125,94.214625,87.88950000000001,106.254,87.61125,104.461125,98.44912500000001,102.438375,0.225,0.25,0.23,0.29,0.23,0.285,0.265,0.28,
88.092375,85.407375,104.2935,94.356,102.525375,92.4585,102.583125,84.011625,0.235,0.225,0.28,0.25,0.28,0.245,0.28,0.215,
101.56762499999999,94.8,97.536,103.54987499999999,97.121625,108.55012499999998,82.30575,106.84199999999998,0.275,0.255,0.26,0.28,0.26,0.3,0.215,0.295,
97.32675,103.62750000000001,110.66025,99.65174999999999,100.359375,95.92687500000001,76.171875,78.750375,0.26,0.285,0.305,0.27,0.27,0.255,0.19,0.2,
87.7695,88.292625,95.45025,92.34525,110.72887499999999,101.11762499999999,96.203625,100.337625,0.23,0.23,0.25,0.245,0.305,0.275,0.255,0.27,
95.453625,94.54350000000001,88.380375,98.25150000000001,86.955375,93.714,90.02999999999999,111.32475,0.255,0.25,0.23,0.265,0.225,0.25,0.235,0.31,
98.31412499999999,111.167625,95.688375,97.98637500000001,86.074875,69.475875,100.45725000000002,103.89450000000001,0.265,0.305,0.26,0.265,0.22,0.17,0.27,0.28,
84.576375,93.21675,90.92287499999999,90.879375,109.105875,96.83250000000001,89.950125,108.37275000000001,0.22,0.245,0.24,0.24,0.3,0.26,0.235,0.3,
104.764875,74.83687499999999,102.82275,98.75999999999999,105.181125,113.64037499999999,93.51487499999999,107.43900000000001,0.285,0.185,0.28,0.265,0.285,0.315,0.25,0.295,
92.227125,98.45250000000001,110.67675,98.013375,99.5865,77.781,100.36800000000001,99.52874999999999,0.245,0.265,0.305,0.265,0.27,0.195,0.27,0.265,
93.07575,109.77187500000001,108.55125000000001,91.839,93.84525,92.935875,89.52599999999998,95.90887500000001,0.245,0.3,0.3,0.245,0.25,0.25,0.24,0.26,
96.909375,98.210625,90.74175000000001,88.9785,95.563875,108.32137499999999,112.83,92.410125,0.26,0.265,0.24,0.23,0.255,0.3,0.315,0.245,
94.43362499999999,91.1745,99.13987499999999,98.452875,95.20762500000001,100.247625,99.90374999999997,97.85775,0.25,0.24,0.27,0.27,0.255,0.275,0.27,0.265,
87.540375,87.857625,95.431875,92.185875,93.96412500000001,92.064375,93.69675,93.45037500000001,0.23,0.23,0.255,0.245,0.25,0.245,0.25,0.25,
99.61125,99.52125,96.75150000000001,93.549375,91.94325,91.24275,98.811375,80.04412500000001,0.27,0.27,0.26,0.25,0.245,0.24,0.265,0.205,
79.65074999999999,94.722,83.602125,102.79274999999998,94.84162500000001,98.796375,86.58675,78.55912500000001,0.205,0.25,0.215,0.275,0.255,0.265,0.225,0.2,
81.53325,111.56099999999999,108.11212499999999,90.361875,82.20599999999999,94.73700000000001,101.40037500000001,107.40899999999999,0.21,0.31,0.3,0.24,0.21,0.255,0.275,0.295,
85.071,90.02475000000001,80.19675000000001,103.52625,110.54249999999998,83.28637499999999,107.88337500000002,103.81012499999999,0.22,0.24,0.2,0.285,0.305,0.215,0.295,0.285,
93.85725000000001,93.69524999999999,91.81875000000001,125.385375,89.26425,105.239625,115.82099999999998,92.54025,0.25,0.25,0.24,0.355,0.235,0.285,0.325,0.245,
86.248875,85.02149999999999,84.6465,98.40787499999999,106.12762500000001,120.76275,107.686125,103.73287499999998,0.225,0.22,0.215,0.265,0.29,0.34,0.295,0.285,
114.23850000000002,101.58749999999999,107.8845,96.97762499999999,89.179125,93.54375,105.22725,91.320375,0.315,0.275,0.295,0.26,0.235,0.25,0.29,0.24,
91.346625,117.69562500000002,96.77287499999998,104.544,98.056125,96.47887499999999,89.171625,103.629,0.24,0.33,0.26,0.285,0.265,0.26,0.235,0.28,
79.838625,90.702,100.71862499999999,91.231125,109.14937499999999,115.29299999999999,105.11925,83.832375,0.205,0.24,0.275,0.24,0.3,0.32,0.285,0.215,
109.58512499999999,96.62849999999999,96.657375,94.51162500000001,85.4655,115.627875,115.715625,114.940875,0.3,0.26,0.26,0.25,0.22,0.32,0.325,0.32,
95.45025,107.814375,100.240125,83.821875,96.94425000000001,104.77425000000001,94.830375,83.56575,0.255,0.3,0.275,0.215,0.26,0.285,0.255,0.215,
99.14512500000001,88.880625,95.68912499999999,94.08675,85.48537499999999,86.3205,109.12275000000001,96.624,0.265,0.235,0.255,0.25,0.225,0.225,0.3,0.26,
110.53387500000001,97.613625,113.55975000000001,95.37562500000001,95.34225,85.775625,101.937375,80.379,0.305,0.265,0.315,0.255,0.255,0.22,0.275,0.205,
115.534125,109.686375,101.46075,91.19212499999999,95.60249999999999,86.88225,100.57575,104.60475,0.32,0.305,0.275,0.24,0.255,0.23,0.27,0.285,
88.53975000000001,103.15199999999999,101.186625,99.593625,101.91637499999999,100.34774999999999,102.644625,101.00887499999999,0.235,0.28,0.275,0.27,0.275,0.27,0.28,0.275,
