70.88,63.2885,92.289,108.999,95.1495,92.15,118.0365,119.8575,0.2,0.18,0.26666666666666666,0.30666666666666664,0.2733333333333333,0.26666666666666666,0.3333333333333333,0.34,
82.74600000000001,85.20250000000001,105.5325,111.441,85.0305,96.487,86.069,143.8105,0.23333333333333334,0.24,0.30666666666666664,0.31333333333333335,0.24,0.26666666666666666,0.24666666666666667,0.41333333333333333,
82.8805,81.3265,99.598,95.91999999999999,101.5915,84.695,84.309,98.6615,0.22666666666666666,0.22666666666666666,0.2866666666666667,0.2733333333333333,0.2866666666666667,0.24,0.23333333333333334,0.28,
105.895,108.87049999999999,101.6285,98.513,103.987,72.07,106.459,89.9505,0.30666666666666664,0.30666666666666664,0.2866666666666667,0.28,0.3,0.20666666666666667,0.3,0.25333333333333335,
91.992,86.2745,109.283,110.7185,101.518,111.86300000000001,98.1695,109.9415,0.26,0.24,0.31333333333333335,0.31333333333333335,0.2866666666666667,0.32,0.2733333333333333,0.30666666666666664,
85.106,101.88049999999998,100.877,84.232,94.1845,97.3115,98.297,74.041,0.23333333333333334,0.28,0.28,0.23333333333333334,0.26666666666666666,0.28,0.28,0.20666666666666667,
91.35350000000001,108.5555,92.9095,100.41599999999998,67.616,85.9425,118.3955,80.4155,0.26,0.30666666666666664,0.26666666666666666,0.28,0.18666666666666668,0.24666666666666667,0.3333333333333333,0.22666666666666666,
108.71000000000001,124.8775,82.48400000000001,112.8725,114.193,105.531,99.7105,104.151,0.31333333333333335,0.35333333333333333,0.22666666666666666,0.31333333333333335,0.32666666666666666,0.3,0.28,0.2866666666666667,
120.605,103.19800000000001,94.5925,94.35149999999999,100.9765,108.687,93.6455,103.356,0.3466666666666667,0.29333333333333333,0.26,0.26666666666666666,0.2866666666666667,0.3,0.26666666666666666,0.29333333333333333,
120.496,105.3965,110.063,90.14150000000001,116.94,101.312,107.2515,122.91499999999999,0.34,0.29333333333333333,0.31333333333333335,0.24666666666666667,0.32666666666666666,0.2866666666666667,0.3,0.3466666666666667,
89.6275,103.4025,110.089,91.5505,113.38049999999998,119.35849999999998,74.8835,124.1555,0.25333333333333335,0.2866666666666667,0.31333333333333335,0.26,0.32666666666666666,0.34,0.2,0.35333333333333333,
112.52799999999998,107.68349999999998,112.4305,122.3995,99.6475,84.3765,115.52350000000001,113.035,0.32,0.30666666666666664,0.31333333333333335,0.35333333333333333,0.28,0.23333333333333334,0.32666666666666666,0.32,
107.618,98.474,135.5035,114.4975,99.00399999999999,108.8935,102.917,120.168,0.30666666666666664,0.2733333333333333,0.38666666666666666,0.32,0.26666666666666666,0.30666666666666664,0.29333333333333333,0.34,
129.55,112.72749999999999,114.063,123.4385,107.61299999999999,116.5125,123.99349999999998,114.6035,0.36666666666666664,0.32,0.32666666666666666,0.35333333333333333,0.30666666666666664,0.32666666666666666,0.35333333333333333,0.32666666666666666,
96.7135,107.66449999999999,86.3565,118.9365,124.6285,95.03049999999999,93.6535,108.6565,0.2733333333333333,0.30666666666666664,0.23333333333333334,0.34,0.35333333333333333,0.26666666666666666,0.26666666666666666,0.31333333333333335,
102.38400000000001,102.655,92.5515,125.087,112.49100000000001,102.346,116.75,111.9195,0.29333333333333333,0.29333333333333333,0.26,0.36,0.32,0.29333333333333333,0.32666666666666666,0.32,
90.2345,100.799,90.7845,78.5505,75.919,102.97,118.36349999999999,104.322,0.26,0.28,0.25333333333333335,0.22,0.21333333333333335,0.29333333333333333,0.3466666666666667,0.3,
69.106,96.351,117.358,118.2295,116.548,131.6735,107.244,108.3305,0.19333333333333333,0.2733333333333333,0.3333333333333333,0.3333333333333333,0.32666666666666666,0.37333333333333335,0.3,0.31333333333333335,
107.8965,110.429,108.594,118.2655,144.663,89.4745,130.2025,98.44600000000001,0.3,0.32,0.31333333333333335,0.34,0.41333333333333333,0.24666666666666667,0.37333333333333335,0.28,
117.676,124.615,86.40649999999998,89.51650000000001,126.3885,116.98949999999998,83.80949999999999,97.7055,0.3333333333333333,0.35333333333333333,0.24,0.24666666666666667,0.36,0.3333333333333333,0.23333333333333334,0.2733333333333333,
112.401,93.1605,115.2925,115.251,108.98899999999999,96.4135,128.832,118.244,0.32,0.26666666666666666,0.32666666666666666,0.3333333333333333,0.30666666666666664,0.2733333333333333,0.37333333333333335,0.34,
92.4045,94.03699999999999,83.203,121.493,122.3275,106.61850000000001,134.237,110.60999999999999,0.26,0.26,0.23333333333333334,0.3466666666666667,0.3466666666666667,0.3,0.38,0.30666666666666664,
108.06700000000001,94.779,112.849,118.509,125.9555,112.4305,120.61099999999999,120.623,0.30666666666666664,0.26,0.32,0.34,0.36,0.31333333333333335,0.3466666666666667,0.34,
133.16,118.29250000000002,78.3235,132.004,117.70000000000002,104.406,128.261,117.0675,0.38,0.3333333333333333,0.21333333333333335,0.38,0.3333333333333333,0.29333333333333333,0.36666666666666664,0.3333333333333333,
148.4245,109.7525,105.6505,126.13649999999998,122.7815,104.40950000000001,100.97300000000001,156.2815,0.4266666666666667,0.30666666666666664,0.3,0.36,0.35333333333333333,0.29333333333333333,0.2866666666666667,0.4533333333333333,
137.9675,110.7225,109.32849999999999,101.6125,128.933,121.95400000000001,111.7885,115.631,0.3933333333333333,0.31333333333333335,0.30666666666666664,0.2866666666666667,0.36666666666666664,0.3466666666666667,0.31333333333333335,0.32666666666666666,
111.8625,96.21549999999999,123.31200000000001,132.839,125.5115,108.63550000000001,123.174,139.712,0.31333333333333335,0.26666666666666666,0.35333333333333333,0.38666666666666666,0.35333333333333333,0.31333333333333335,0.3466666666666667,0.3933333333333333,
127.101,101.26800000000001,131.9965,104.10249999999999,133.536,115.288,141.377,117.741,0.36,0.2866666666666667,0.37333333333333335,0.29333333333333333,0.38666666666666666,0.32666666666666666,0.4,0.3333333333333333,
107.6455,128.769,109.133,114.1395,114.727,147.513,130.7105,123.8215,0.30666666666666664,0.37333333333333335,0.3,0.32666666666666666,0.32666666666666666,0.42,0.37333333333333335,0.35333333333333333,
128.3125,107.113,100.1935,105.7995,126.02799999999999,123.4795,91.62,104.56449999999998,0.36,0.3,0.28,0.29333333333333333,0.36,0.3466666666666667,0.25333333333333335,0.29333333333333333,
140.997,98.16749999999999,92.3355,113.5955,136.054,125.235,83.9225,111.48149999999998,0.4066666666666667,0.2733333333333333,0.24666666666666667,0.32,0.38666666666666666,0.35333333333333333,0.23333333333333334,0.31333333333333335,
114.14099999999999,100.5005,110.83449999999999,124.47950000000002,126.3835,110.41550000000002,115.627,100.027,0.32666666666666666,0.2866666666666667,0.31333333333333335,0.3466666666666667,0.36,0.30666666666666664,0.32666666666666666,0.28,
79.88850000000001,133.432,103.5955,95.1045,101.6755,95.5685,114.402,105.36350000000002,0.22,0.38,0.29333333333333333,0.26666666666666666,0.2866666666666667,0.26666666666666666,0.32,0.29333333333333333,
131.9665,132.786,128.666,98.139,130.656,103.687,117.801,92.063,0.37333333333333335,0.38,0.36666666666666664,0.2733333333333333,0.37333333333333335,0.29333333333333333,0.3333333333333333,0.26,
115.53950000000002,97.318,110.3415,95.5,105.6015,120.6045,118.576,98.661,0.32666666666666666,0.26666666666666666,0.30666666666666664,0.26666666666666666,0.29333333333333333,0.34,0.3333333333333333,0.28,
96.099,115.7415,112.57900000000001,122.168,131.333,129.65800000000002,116.8205,123.1955,0.2733333333333333,0.32,0.32,0.34,0.38,0.36666666666666664,0.3333333333333333,0.3466666666666667,
115.893,141.8245,124.28850000000001,112.64150000000001,105.4445,149.8495,127.277,105.3735,0.32666666666666666,0.4,0.35333333333333333,0.31333333333333335,0.29333333333333333,0.4266666666666667,0.36,0.29333333333333333,
110.55,122.2565,114.239,112.64,123.02850000000001,88.553,101.70500000000001,103.984,0.31333333333333335,0.34,0.31333333333333335,0.32,0.35333333333333333,0.24,0.28,0.29333333333333333,
116.16899999999998,120.7655,128.501,113.9615,136.055,134.3555,109.293,114.1375,0.32666666666666666,0.3466666666666667,0.36666666666666664,0.32,0.38666666666666666,0.38666666666666666,0.30666666666666664,0.32,
91.2965,133.6975,109.0475,129.1465,123.52,132.0195,98.776,152.475,0.25333333333333335,0.38,0.30666666666666664,0.36666666666666664,0.35333333333333333,0.37333333333333335,0.2733333333333333,0.44,
101.2235,104.6035,117.12,136.6405,142.484,133.92000000000002,140.921,116.1585,0.2866666666666667,0.29333333333333333,0.3333333333333333,0.38666666666666666,0.4066666666666667,0.38,0.4,0.32666666666666666,
116.49,131.1465,123.718,126.963,115.1695,99.7575,138.6925,102.97849999999998,0.32666666666666666,0.36666666666666664,0.35333333333333333,0.36,0.32666666666666666,0.28,0.3933333333333333,0.29333333333333333,
134.7035,141.297,137.438,117.7865,121.0805,139.8135,132.14249999999998,114.04249999999999,0.38,0.4066666666666667,0.38666666666666666,0.34,0.3333333333333333,0.3933333333333333,0.37333333333333335,0.32666666666666666,
117.1365,127.971,114.8115,121.742,117.15350000000001,122.34700000000001,110.3375,123.8925,0.32666666666666666,0.36666666666666664,0.32,0.34,0.32666666666666666,0.3466666666666667,0.31333333333333335,0.3466666666666667,
137.608,104.003,123.197,136.969,116.22800000000001,166.029,148.4765,114.5365,0.38666666666666666,0.29333333333333333,0.3466666666666667,0.38666666666666666,0.3333333333333333,0.48,0.4266666666666667,0.32,
105.8945,123.775,112.9065,141.78,116.2475,141.7375,128.661,113.2995,0.29333333333333333,0.3466666666666667,0.32,0.4066666666666667,0.3333333333333333,0.4,0.36,0.32,
103.2135,118.992,111.8755,122.012,120.787,130.1245,118.514,126.5575,0.29333333333333333,0.3333333333333333,0.31333333333333335,0.34,0.34,0.36666666666666664,0.3333333333333333,0.35333333333333333,
117.255,103.557,93.99549999999999,99.0235,148.933,121.5835,128.2545,132.7115,0.3333333333333333,0.2866666666666667,0.26,0.28,0.4266666666666667,0.3466666666666667,0.36,0.38,
69.3425,127.175,140.018,107.29849999999999,96.187,125.43299999999999,122.03999999999999,137.1825,0.18666666666666668,0.36666666666666664,0.4,0.3,0.26666666666666666,0.35333333333333333,0.3466666666666667,0.38666666666666666,
98.8375,144.2525,109.71549999999999,112.6275,114.71549999999999,142.6165,101.813,132.6605,0.2733333333333333,0.41333333333333333,0.30666666666666664,0.32,0.32,0.41333333333333333,0.2866666666666667,0.37333333333333335,
105.20750000000001,112.414,111.37,140.957,129.1105,116.355,122.377,122.611,0.29333333333333333,0.32,0.31333333333333335,0.4,0.36,0.32666666666666666,0.3466666666666667,0.3466666666666667,
128.971,125.8025,130.02,73.7205,131.888,128.6195,104.1945,111.257,0.36,0.35333333333333333,0.36,0.2,0.37333333333333335,0.36,0.29333333333333333,0.32,
116.5795,83.178,127.116,139.622,136.977,126.29599999999999,120.401,90.36099999999999,0.32666666666666666,0.22666666666666666,0.35333333333333333,0.3933333333333333,0.3933333333333333,0.35333333333333333,0.34,0.25333333333333335,
113.404,103.825,110.3035,117.7345,113.643,145.9615,120.825,125.521,0.32,0.2866666666666667,0.30666666666666664,0.3333333333333333,0.32,0.41333333333333333,0.34,0.35333333333333333,
133.063,154.9625,141.2565,141.9985,137.466,135.0795,132.743,131.136,0.38,0.44666666666666666,0.4,0.4,0.3933333333333333,0.38666666666666666,0.38,0.36666666666666664,
133.4115,126.9235,147.7095,116.09899999999999,155.057,138.565,103.229,113.98850000000002,0.37333333333333335,0.36,0.42,0.32666666666666666,0.44,0.3933333333333333,0.28,0.32666666666666666,
136.3835,118.6375,132.4415,127.8505,118.9415,130.944,110.8945,136.2345,0.38666666666666666,0.3333333333333333,0.37333333333333335,0.36,0.3333333333333333,0.36666666666666664,0.31333333333333335,0.38666666666666666,
127.5255,112.745,130.816,149.6285,141.686,132.601,110.5985,106.1765,0.36,0.31333333333333335,0.36666666666666664,0.4266666666666667,0.4066666666666667,0.38,0.31333333333333335,0.29333333333333333,
117.0265,102.19,112.3945,122.7005,130.3245,129.488,121.792,127.936,0.3333333333333333,0.2866666666666667,0.30666666666666664,0.3466666666666667,0.36666666666666664,0.37333333333333335,0.34,0.36666666666666664,
100.547,121.208,144.90449999999998,136.0065,144.163,125.6515,159.47899999999998,119.318,0.28,0.34,0.42,0.38666666666666666,0.41333333333333333,0.36,0.46,0.3333333333333333,
112.0615,119.66550000000001,101.751,118.86949999999999,115.937,161.162,109.309,108.482,0.31333333333333335,0.3333333333333333,0.2866666666666667,0.3333333333333333,0.32666666666666666,0.4666666666666667,0.30666666666666664,0.3,
103.846,120.986,104.158,125.1225,125.6675,131.0165,148.9505,124.357,0.2866666666666667,0.34,0.2866666666666667,0.36,0.35333333333333333,0.37333333333333335,0.4266666666666667,0.35333333333333333,
124.87049999999999,102.9395,98.8555,134.2395,96.54749999999999,114.97749999999999,98.035,114.639,0.35333333333333333,0.29333333333333333,0.2733333333333333,0.38666666666666666,0.26666666666666666,0.32,0.2733333333333333,0.32,
113.2165,99.384,113.1125,125.28999999999999,108.9115,122.68699999999998,123.76650000000001,102.05349999999999,0.32,0.28,0.32,0.36,0.30666666666666664,0.3466666666666667,0.35333333333333333,0.2866666666666667,
120.00099999999999,106.8595,99.986,110.7465,128.168,115.236,125.417,109.727,0.34,0.30666666666666664,0.28,0.31333333333333335,0.36666666666666664,0.32,0.35333333333333333,0.30666666666666664,
119.46199999999999,108.366,130.4475,94.849,112.67699999999999,116.699,123.666,116.834,0.34,0.30666666666666664,0.37333333333333335,0.26666666666666666,0.32,0.3333333333333333,0.3466666666666667,0.3333333333333333,
122.56349999999999,118.299,134.76,114.87899999999999,95.901,116.93499999999999,108.612,99.0615,0.3466666666666667,0.3333333333333333,0.3933333333333333,0.32666666666666666,0.2733333333333333,0.32666666666666666,0.30666666666666664,0.28,
101.3335,110.3965,125.22949999999999,117.55,107.2235,95.28999999999999,104.777,98.8,0.2866666666666667,0.32,0.35333333333333333,0.34,0.30666666666666664,0.26666666666666666,0.29333333333333333,0.2733333333333333,
110.3035,113.83250000000001,133.54500000000002,103.5095,97.3775,92.997,123.519,124.75450000000001,0.31333333333333335,0.32,0.38,0.2866666666666667,0.2733333333333333,0.25333333333333335,0.3466666666666667,0.35333333333333333,
141.81,133.30349999999999,117.032,111.5695,113.0535,131.2995,94.4855,114.5385,0.4066666666666667,0.38,0.32666666666666666,0.31333333333333335,0.32,0.37333333333333335,0.26,0.32,
135.79,120.2945,114.1555,118.2225,112.6985,105.3745,114.04150000000001,97.289,0.38666666666666666,0.3466666666666667,0.32666666666666666,0.3333333333333333,0.32,0.29333333333333333,0.32,0.2733333333333333,
116.611,85.441,99.418,124.9475,140.299,119.3,121.97050000000002,126.787,0.32666666666666666,0.23333333333333334,0.28,0.35333333333333333,0.4,0.34,0.34,0.36,
92.116,121.2395,131.247,145.7735,128.9275,113.31149999999998,97.9285,110.5155,0.25333333333333335,0.3466666666666667,0.37333333333333335,0.4266666666666667,0.36666666666666664,0.32,0.2733333333333333,0.30666666666666664,
140.11599999999999,118.9815,126.1315,110.8375,93.417,128.24,95.2325,112.227,0.4,0.34,0.36,0.31333333333333335,0.26,0.36666666666666664,0.26666666666666666,0.32,
115.731,126.356,113.7835,113.9965,122.5675,123.3985,101.709,112.508,0.32666666666666666,0.36,0.32666666666666666,0.32,0.3466666666666667,0.35333333333333333,0.29333333333333333,0.32,
123.037,98.877,123.2525,103.089,140.379,116.50450000000001,116.4015,120.719,0.3466666666666667,0.2733333333333333,0.35333333333333333,0.29333333333333333,0.4,0.3333333333333333,0.3333333333333333,0.34,
131.493,94.89000000000001,149.1065,86.697,108.6775,124.5735,95.7835,120.5365,0.38,0.26,0.43333333333333335,0.24666666666666667,0.30666666666666664,0.35333333333333333,0.2733333333333333,0.34,
128.551,114.8945,137.284,117.498,101.631,102.689,126.62299999999999,118.55649999999999,0.36666666666666664,0.32666666666666666,0.3933333333333333,0.3333333333333333,0.29333333333333333,0.2866666666666667,0.36,0.3333333333333333,
112.865,121.9615,101.61449999999999,107.9245,119.5595,126.58750000000002,120.7465,96.86449999999999,0.32666666666666666,0.35333333333333333,0.2866666666666667,0.3,0.34,0.35333333333333333,0.34,0.2733333333333333,
118.543,107.3065,108.85249999999999,113.482,131.6365,107.365,124.2385,92.87149999999998,0.34,0.3,0.30666666666666664,0.32,0.38,0.3,0.3466666666666667,0.26,
106.303,96.9085,116.8175,103.764,125.8335,125.0125,113.2655,124.15099999999998,0.3,0.26666666666666666,0.3333333333333333,0.29333333333333333,0.36,0.35333333333333333,0.32,0.35333333333333333,
110.9525,118.995,125.638,112.9,110.059,87.24100000000001,117.6195,111.8325,0.30666666666666664,0.34,0.36,0.32,0.31333333333333335,0.24,0.3333333333333333,0.32,
96.4315,97.685,118.9695,104.54499999999999,116.63900000000001,91.184,86.8385,111.84599999999999,0.26666666666666666,0.2733333333333333,0.3333333333333333,0.29333333333333333,0.3333333333333333,0.26,0.24,0.31333333333333335,
114.3635,141.5225,99.93299999999999,103.172,87.2045,121.231,107.257,101.6775,0.32666666666666666,0.4066666666666667,0.28,0.2866666666666667,0.24,0.3466666666666667,0.3,0.2866666666666667,
121.8435,127.5615,83.3775,129.358,134.619,84.728,100.01450000000001,121.713,0.3466666666666667,0.36666666666666664,0.22666666666666666,0.36666666666666664,0.38666666666666666,0.23333333333333334,0.28,0.35333333333333333,
150.581,134.4445,110.19249999999998,103.006,104.79,149.5205,106.3895,129.987,0.43333333333333335,0.38666666666666666,0.30666666666666664,0.29333333333333333,0.29333333333333333,0.4266666666666667,0.3,0.36666666666666664,
117.47550000000001,105.38,118.924,110.6895,112.6265,124.298,118.5865,113.865,0.3333333333333333,0.29333333333333333,0.34,0.31333333333333335,0.31333333333333335,0.35333333333333333,0.3333333333333333,0.32666666666666666,
112.932,93.9635,122.343,126.203,125.695,107.07349999999998,89.5285,106.7755,0.32,0.26,0.3466666666666667,0.36,0.36,0.30666666666666664,0.24666666666666667,0.3,
139.0435,102.865,137.5545,95.662,120.3085,127.2175,99.4525,148.0885,0.4,0.29333333333333333,0.38666666666666666,0.26666666666666666,0.3466666666666667,0.36,0.28,0.42,
116.1875,106.1775,107.83949999999999,94.538,108.32699999999998,115.7105,126.5865,113.4055,0.3333333333333333,0.3,0.30666666666666664,0.26,0.30666666666666664,0.32666666666666666,0.36,0.32,
113.373,118.3075,102.5875,99.697,118.3715,127.09499999999998,127.28999999999999,109.7245,0.32,0.34,0.29333333333333333,0.2866666666666667,0.34,0.36666666666666664,0.36666666666666664,0.30666666666666664,
113.99000000000001,118.3955,117.2855,121.92,102.94,92.20849999999999,108.0665,127.997,0.32666666666666666,0.3333333333333333,0.3333333333333333,0.35333333333333333,0.29333333333333333,0.26,0.30666666666666664,0.36666666666666664,
103.93,119.8035,126.7255,121.774,96.54599999999999,134.789,90.34250000000002,113.58449999999999,0.29333333333333333,0.34,0.36666666666666664,0.3466666666666667,0.26666666666666666,0.38666666666666666,0.25333333333333335,0.32,
140.829,131.0565,128.4915,113.25700000000002,110.16499999999999,126.25,119.5865,115.957,0.4066666666666667,0.38,0.36666666666666664,0.32,0.31333333333333335,0.36666666666666664,0.34,0.32666666666666666,
119.291,119.6635,126.67099999999999,120.0255,97.2645,123.027,130.8005,122.688,0.3333333333333333,0.34,0.36,0.34,0.2733333333333333,0.35333333333333333,0.37333333333333335,0.35333333333333333,
98.5895,94.6185,130.1525,154.0685,130.357,115.48800000000001,95.58,105.85349999999998,0.28,0.26666666666666666,0.38,0.44,0.37333333333333335,0.32666666666666666,0.2733333333333333,0.3,
113.1555,94.1105,103.9795,112.92750000000001,122.255,81.3215,120.63049999999998,142.6815,0.32,0.26666666666666666,0.29333333333333333,0.32,0.35333333333333333,0.22,0.3466666666666667,0.4066666666666667,
113.752,129.701,99.384,115.129,94.5135,105.34600000000002,114.07900000000001,112.3155,0.32,0.37333333333333335,0.2733333333333333,0.3333333333333333,0.26,0.3,0.32666666666666666,0.32,
81.075,130.2,114.1215,120.242,98.89150000000001,93.258,121.1425,124.126,0.22666666666666666,0.37333333333333335,0.32666666666666666,0.34,0.2733333333333333,0.26666666666666666,0.34,0.35333333333333333,
99.131,117.426,109.69800000000001,88.384,99.8275,116.29650000000001,117.0995,131.9855,0.28,0.32666666666666666,0.31333333333333335,0.25333333333333335,0.28,0.32666666666666666,0.3333333333333333,0.38,
124.9305,113.7955,105.3645,100.787,124.1955,102.01750000000001,139.6375,102.743,0.36,0.32,0.3,0.2866666666666667,0.36,0.2866666666666667,0.4,0.2866666666666667,
116.322,115.9725,109.6645,125.28200000000001,133.789,118.4125,148.0895,129.8555,0.3333333333333333,0.34,0.31333333333333335,0.35333333333333333,0.38666666666666666,0.3333333333333333,0.4266666666666667,0.37333333333333335,
112.0595,121.1395,110.134,113.425,111.9415,106.797,100.5285,108.244,0.32,0.34,0.31333333333333335,0.32,0.32,0.3,0.2866666666666667,0.30666666666666664,
123.981,114.44499999999998,100.843,138.947,112.425,131.6955,112.8625,108.6685,0.35333333333333333,0.32666666666666666,0.2866666666666667,0.4,0.32,0.36666666666666664,0.32,0.31333333333333335,
113.6505,125.476,98.0825,132.89600000000002,123.53399999999999,103.303,124.13100000000001,126.5385,0.32666666666666666,0.36,0.2733333333333333,0.38,0.35333333333333333,0.29333333333333333,0.35333333333333333,0.36,
82.0785,109.092,86.064,99.34,117.6605,98.85249999999999,103.3005,91.55799999999999,0.22666666666666666,0.30666666666666664,0.24,0.28,0.3333333333333333,0.2733333333333333,0.2866666666666667,0.26,
112.84100000000001,105.785,101.063,108.18,126.9205,96.7825,89.3955,116.27150000000002,0.32,0.3,0.28,0.30666666666666664,0.36,0.2733333333333333,0.25333333333333335,0.3333333333333333,
113.23349999999999,111.98949999999999,121.1935,107.729,100.842,111.2655,116.15100000000001,97.436,0.32,0.32,0.3466666666666667,0.3,0.28,0.31333333333333335,0.3333333333333333,0.2733333333333333,
107.177,108.58800000000001,125.4315,114.126,104.89349999999999,94.784,86.5385,95.8075,0.30666666666666664,0.30666666666666664,0.35333333333333333,0.32666666666666666,0.3,0.26666666666666666,0.23333333333333334,0.26666666666666666,
122.7855,123.9865,134.1365,95.86600000000001,119.9375,118.093,126.7235,117.49549999999999,0.3466666666666667,0.36,0.38,0.26666666666666666,0.3466666666666667,0.34,0.36,0.32666666666666666,
97.922,126.576,127.572,103.501,139.869,128.6765,141.0775,103.29599999999999,0.2733333333333333,0.35333333333333333,0.36,0.29333333333333333,0.4,0.36666666666666664,0.4,0.2866666666666667,
96.994,115.5985,99.6705,122.2595,117.0025,140.532,116.84849999999999,124.37650000000001,0.26666666666666666,0.32666666666666666,0.28,0.3466666666666667,0.32666666666666666,0.4,0.3333333333333333,0.35333333333333333,
106.89699999999999,95.4915,98.9665,114.8045,115.055,112.6545,114.54599999999999,126.9325,0.3,0.26666666666666666,0.2733333333333333,0.32,0.32666666666666666,0.31333333333333335,0.32,0.36,
106.2115,130.35,119.63499999999999,119.74050000000001,140.105,137.4,102.545,133.1055,0.3,0.36666666666666664,0.3333333333333333,0.3333333333333333,0.3933333333333333,0.3933333333333333,0.2866666666666667,0.38,
117.5485,119.85249999999999,121.6935,150.526,94.1975,126.995,97.8235,135.3695,0.3333333333333333,0.34,0.3466666666666667,0.43333333333333335,0.26666666666666666,0.36,0.26666666666666666,0.38666666666666666,
112.9055,121.0485,127.475,120.3955,154.7885,115.96549999999999,121.708,129.083,0.32,0.34,0.36666666666666664,0.34,0.44666666666666666,0.32666666666666666,0.3466666666666667,0.36666666666666664,
112.1665,95.6155,131.775,114.05999999999999,109.6065,105.9545,116.7825,128.7115,0.31333333333333335,0.26,0.38,0.32,0.30666666666666664,0.29333333333333333,0.32666666666666666,0.36666666666666664,
88.3715,121.747,107.36449999999999,137.5205,133.4835,127.11449999999999,128.256,138.22,0.24666666666666667,0.3466666666666667,0.3,0.3933333333333333,0.38666666666666666,0.36,0.36,0.3933333333333333,
131.5505,129.082,102.7375,110.66499999999999,115.1685,106.8065,128.064,125.5755,0.37333333333333335,0.36,0.2733333333333333,0.30666666666666664,0.32666666666666666,0.3,0.36666666666666664,0.35333333333333333,
121.944,116.4195,125.5855,88.826,116.7855,151.835,124.79250000000002,114.26999999999998,0.3466666666666667,0.32666666666666666,0.36,0.24666666666666667,0.32666666666666666,0.43333333333333335,0.35333333333333333,0.32666666666666666,
119.53450000000001,124.2985,120.4925,122.61,103.12950000000001,127.02350000000001,124.56750000000001,116.054,0.34,0.35333333333333333,0.3466666666666667,0.35333333333333333,0.2866666666666667,0.36666666666666664,0.35333333333333333,0.32666666666666666,
131.273,137.8325,119.668,101.4015,112.2075,112.91499999999999,128.459,112.28100000000002,0.37333333333333335,0.4,0.34,0.28,0.31333333333333335,0.32,0.36,0.31333333333333335,
114.8935,119.4565,122.156,132.0555,111.5315,115.354,102.36,111.1465,0.32666666666666666,0.34,0.34,0.37333333333333335,0.31333333333333335,0.3333333333333333,0.29333333333333333,0.31333333333333335,
113.262,129.511,106.563,106.4295,142.674,130.4715,123.615,123.7375,0.32666666666666666,0.36666666666666664,0.3,0.29333333333333333,0.4066666666666667,0.37333333333333335,0.35333333333333333,0.3466666666666667,
153.25900000000001,132.997,118.8125,130.5795,112.4175,127.5485,129.0285,110.9205,0.44,0.38,0.3333333333333333,0.37333333333333335,0.32,0.36666666666666664,0.36666666666666664,0.30666666666666664,
109.553,123.688,117.244,127.6975,112.883,96.3475,129.402,130.288,0.30666666666666664,0.3466666666666667,0.32666666666666666,0.36,0.32666666666666666,0.26666666666666666,0.37333333333333335,0.37333333333333335,
119.837,117.71800000000002,129.8885,106.838,131.99099999999999,114.08500000000001,106.5195,116.21000000000001,0.34,0.3333333333333333,0.37333333333333335,0.3,0.37333333333333335,0.32,0.29333333333333333,0.32666666666666666,
102.28399999999999,109.1465,110.9705,125.2175,132.721,126.903,107.854,134.936,0.2866666666666667,0.3,0.31333333333333335,0.35333333333333333,0.38,0.36,0.3,0.38666666666666666,
117.501,118.299,122.017,119.1985,117.594,129.482,123.17150000000002,93.774,0.34,0.34,0.3466666666666667,0.34,0.3333333333333333,0.36666666666666664,0.3466666666666667,0.26,
132.59,129.09199999999998,122.50950000000002,98.354,86.6645,100.012,123.5825,133.7015,0.37333333333333335,0.37333333333333335,0.35333333333333333,0.2733333333333333,0.24,0.2733333333333333,0.35333333333333333,0.38,
122.47,120.789,133.7375,108.34499999999998,127.1935,129.9345,119.734,120.691,0.3466666666666667,0.34,0.38,0.31333333333333335,0.36666666666666664,0.36666666666666664,0.3466666666666667,0.34,
89.36849999999998,113.62950000000001,128.5865,142.5905,93.10249999999999,108.8565,119.935,124.956,0.24666666666666667,0.32666666666666666,0.36666666666666664,0.4066666666666667,0.26,0.31333333333333335,0.34,0.36,
146.4695,118.633,141.39,101.2295,134.234,99.25450000000001,113.45099999999998,130.2035,0.42,0.3333333333333333,0.4066666666666667,0.28,0.38,0.28,0.32,0.36666666666666664,
120.5925,105.97549999999998,127.628,123.6755,133.777,115.98949999999999,97.146,128.855,0.34,0.29333333333333333,0.36,0.35333333333333333,0.38,0.32666666666666666,0.26666666666666666,0.36666666666666664,
123.742,106.342,99.03899999999999,127.922,109.32300000000001,99.9055,118.3225,120.845,0.35333333333333333,0.3,0.28,0.36666666666666664,0.30666666666666664,0.28,0.3333333333333333,0.34,
134.435,104.5395,109.8875,126.2485,124.0325,106.19950000000001,114.127,105.0395,0.38,0.29333333333333333,0.31333333333333335,0.35333333333333333,0.35333333333333333,0.29333333333333333,0.32,0.29333333333333333,
104.9945,101.8155,94.244,123.3035,110.787,120.0665,108.6895,115.76599999999999,0.29333333333333333,0.2866666666666667,0.26,0.35333333333333333,0.31333333333333335,0.34,0.31333333333333335,0.32666666666666666,
121.838,101.848,112.18299999999999,121.10049999999998,117.0255,111.458,116.91849999999998,125.132,0.3466666666666667,0.2866666666666667,0.32,0.34,0.3333333333333333,0.32,0.3333333333333333,0.35333333333333333,
113.9865,123.39900000000002,96.89,133.538,109.55,102.9085,107.268,113.852,0.32666666666666666,0.35333333333333333,0.2733333333333333,0.38,0.30666666666666664,0.2866666666666667,0.3,0.32,
121.5305,114.8065,111.4225,112.782,121.34250000000002,135.2,117.7175,108.992,0.34,0.32,0.31333333333333335,0.32,0.3466666666666667,0.38666666666666666,0.3333333333333333,0.30666666666666664,
100.27499999999999,113.15899999999999,133.7165,120.30199999999999,127.7375,106.7015,112.0115,91.56299999999999,0.2866666666666667,0.32,0.38,0.34,0.36666666666666664,0.3,0.31333333333333335,0.26,
94.586,134.441,123.91550000000001,121.58,129.124,113.562,108.84649999999999,117.27,0.26666666666666666,0.38,0.35333333333333333,0.34,0.36666666666666664,0.31333333333333335,0.30666666666666664,0.32666666666666666,
114.1225,110.3605,123.67850000000001,128.8945,116.714,112.21600000000001,110.49549999999999,107.7225,0.32,0.30666666666666664,0.3466666666666667,0.36666666666666664,0.3333333333333333,0.31333333333333335,0.31333333333333335,0.30666666666666664,
119.31,102.4515,110.99,97.4275,113.2245,122.14549999999998,94.19350000000001,119.8835,0.34,0.2866666666666667,0.31333333333333335,0.26666666666666666,0.32666666666666666,0.3466666666666667,0.26,0.34,
100.01050000000001,108.3,102.1185,122.661,127.1135,127.25450000000001,131.9885,93.0725,0.28,0.30666666666666664,0.2866666666666667,0.35333333333333333,0.36,0.36,0.37333333333333335,0.25333333333333335,
108.1895,108.625,122.84700000000001,104.39150000000001,106.173,135.017,116.263,126.4935,0.30666666666666664,0.3,0.35333333333333333,0.29333333333333333,0.3,0.38666666666666666,0.32666666666666666,0.36,
117.4785,103.49800000000002,124.872,118.322,110.38,119.346,119.613,119.30400000000002,0.3333333333333333,0.29333333333333333,0.3466666666666667,0.3333333333333333,0.30666666666666664,0.34,0.34,0.3333333333333333,
96.8395,115.1095,110.95349999999999,120.36849999999998,105.7555,93.16450000000002,106.493,111.959,0.2733333333333333,0.32666666666666666,0.31333333333333335,0.3466666666666667,0.29333333333333333,0.26,0.3,0.32,
135.2255,136.744,122.6705,116.5275,118.998,124.20150000000001,95.681,101.8055,0.3933333333333333,0.38666666666666666,0.3466666666666667,0.3333333333333333,0.34,0.35333333333333333,0.2733333333333333,0.28,
104.765,74.005,103.0835,124.209,117.845,118.605,131.529,107.51650000000001,0.3,0.2,0.2866666666666667,0.35333333333333333,0.3333333333333333,0.34,0.38,0.3,
135.9975,111.23949999999999,92.76699999999998,101.69200000000001,113.863,100.645,123.257,105.99549999999999,0.3933333333333333,0.31333333333333335,0.26,0.2866666666666667,0.32666666666666666,0.2866666666666667,0.3466666666666667,0.3,
140.391,117.581,102.0205,112.72800000000001,130.183,111.412,97.561,118.60749999999999,0.4,0.3333333333333333,0.2866666666666667,0.31333333333333335,0.36666666666666664,0.31333333333333335,0.28,0.34,
85.4325,129.361,121.241,91.652,108.996,126.91950000000001,103.2215,121.09850000000002,0.24,0.36666666666666664,0.3466666666666667,0.25333333333333335,0.30666666666666664,0.36,0.29333333333333333,0.3466666666666667,
95.482,111.191,90.381,120.767,114.3735,113.412,113.44800000000002,119.0145,0.26666666666666666,0.31333333333333335,0.25333333333333335,0.34,0.32666666666666666,0.32,0.32,0.34,
122.6925,119.9115,114.255,128.804,117.8965,100.688,116.96850000000002,100.6035,0.35333333333333333,0.34,0.32666666666666666,0.36666666666666664,0.32666666666666666,0.28,0.3333333333333333,0.28,
118.5435,104.112,94.6865,128.6905,104.882,97.14150000000001,107.074,112.9245,0.34,0.29333333333333333,0.26,0.36666666666666664,0.29333333333333333,0.2733333333333333,0.3,0.32,
108.583,133.351,117.93299999999999,125.23099999999998,109.311,110.79599999999999,130.0635,104.532,0.30666666666666664,0.38,0.3333333333333333,0.36,0.30666666666666664,0.31333333333333335,0.37333333333333335,0.2866666666666667,
105.477,101.569,87.58950000000002,116.33500000000001,117.56249999999999,128.2555,123.1815,129.263,0.3,0.28,0.23333333333333334,0.32666666666666666,0.3333333333333333,0.36666666666666664,0.35333333333333333,0.36666666666666664,
118.19800000000001,139.639,121.179,87.772,97.6495,104.437,160.40300000000002,114.5805,0.32666666666666666,0.4,0.34,0.24,0.2733333333333333,0.29333333333333333,0.46,0.32666666666666666,
121.861,135.9235,108.52799999999999,100.5795,103.2505,96.8005,120.8835,120.868,0.3466666666666667,0.38666666666666666,0.30666666666666664,0.28,0.29333333333333333,0.2733333333333333,0.3466666666666667,0.34,
112.75100000000002,92.039,112.77049999999998,119.69,109.6045,125.34100000000001,120.771,124.957,0.31333333333333335,0.26,0.32,0.34,0.31333333333333335,0.35333333333333333,0.3466666666666667,0.35333333333333333,
106.068,98.737,131.385,140.926,118.824,107.149,115.254,90.8385,0.3,0.28,0.38,0.4066666666666667,0.3333333333333333,0.3,0.32666666666666666,0.24666666666666667,
85.87950000000001,116.125,109.9335,131.236,103.44,114.0785,110.5945,125.604,0.24,0.3333333333333333,0.31333333333333335,0.37333333333333335,0.2866666666666667,0.32,0.30666666666666664,0.35333333333333333,
120.1685,125.5505,132.9655,118.29499999999999,130.7715,104.56,110.763,121.743,0.34,0.35333333333333333,0.38,0.3333333333333333,0.37333333333333335,0.29333333333333333,0.31333333333333335,0.3466666666666667,
122.2235,119.18249999999999,99.56700000000001,117.87549999999999,94.268,122.568,120.48349999999999,111.5455,0.3466666666666667,0.34,0.2733333333333333,0.3333333333333333,0.26,0.35333333333333333,0.34,0.31333333333333335,
96.586,126.724,130.60399999999998,121.742,101.9275,116.4355,116.51050000000001,98.2125,0.26666666666666666,0.36,0.37333333333333335,0.3466666666666667,0.2866666666666667,0.32666666666666666,0.32666666666666666,0.28,
140.9965,142.4215,112.0235,118.4825,103.76599999999999,111.46200000000002,103.93699999999998,81.184,0.4,0.4066666666666667,0.32,0.3333333333333333,0.2866666666666667,0.31333333333333335,0.29333333333333333,0.22,
134.1315,108.22200000000001,93.8975,128.0605,123.0435,106.699,126.5385,119.67199999999998,0.38,0.30666666666666664,0.26666666666666666,0.36666666666666664,0.3466666666666667,0.3,0.36,0.3333333333333333,
106.3955,112.47800000000001,136.063,107.73450000000001,122.562,116.71600000000001,101.1225,134.929,0.30666666666666664,0.32,0.38666666666666666,0.3,0.3466666666666667,0.32666666666666666,0.28,0.38666666666666666,
109.00450000000002,124.7025,93.2475,112.9325,98.862,115.41900000000001,108.0725,121.9425,0.3,0.35333333333333333,0.26,0.32,0.28,0.32666666666666666,0.31333333333333335,0.3466666666666667,
114.35450000000002,126.026,112.1685,104.7325,128.3665,129.103,130.8395,120.1345,0.32666666666666666,0.36,0.32,0.3,0.36,0.36666666666666664,0.37333333333333335,0.34,
107.967,104.353,122.82649999999998,117.33599999999998,132.204,98.7035,132.932,114.9925,0.3,0.29333333333333333,0.3466666666666667,0.3333333333333333,0.37333333333333335,0.28,0.38,0.32,
99.7625,112.42699999999999,99.013,102.221,133.697,99.7495,101.957,115.45949999999999,0.2733333333333333,0.32,0.2733333333333333,0.28,0.38,0.28,0.28,0.32666666666666666,
106.91550000000001,106.281,113.646,94.59450000000001,115.4895,110.4615,117.4455,120.77199999999999,0.3,0.30666666666666664,0.32,0.26,0.32666666666666666,0.30666666666666664,0.3333333333333333,0.3466666666666667,
128.8545,121.438,153.88600000000002,111.283,123.164,125.6005,126.231,129.4175,0.37333333333333335,0.3466666666666667,0.44,0.31333333333333335,0.34,0.35333333333333333,0.36,0.37333333333333335,
103.619,127.4825,128.9225,136.4525,130.244,106.80950000000001,119.98349999999999,102.85900000000001,0.29333333333333333,0.36,0.36666666666666664,0.3933333333333333,0.36666666666666664,0.3,0.34,0.2866666666666667,
120.97200000000001,115.0075,117.0715,127.33899999999998,112.98099999999998,114.314,113.306,120.4415,0.34,0.32666666666666666,0.3333333333333333,0.36,0.32666666666666666,0.32,0.32,0.34,
132.753,112.121,130.9795,117.36950000000002,115.2735,113.438,106.2365,108.32500000000002,0.37333333333333335,0.32,0.37333333333333335,0.32666666666666666,0.32,0.32,0.30666666666666664,0.30666666666666664,
109.568,112.9315,129.353,127.706,102.17400000000002,145.492,135.586,127.212,0.31333333333333335,0.32,0.36666666666666664,0.36,0.2866666666666667,0.41333333333333333,0.3933333333333333,0.36,
109.755,116.3355,91.642,109.19,124.07999999999998,103.5325,100.212,117.68,0.3,0.32666666666666666,0.25333333333333335,0.30666666666666664,0.35333333333333333,0.2866666666666667,0.28,0.3333333333333333,
114.92999999999999,122.869,123.30799999999999,84.6175,109.99999999999999,97.52199999999999,126.629,133.0245,0.32666666666666666,0.3466666666666667,0.35333333333333333,0.23333333333333334,0.30666666666666664,0.26666666666666666,0.36,0.38,
107.8235,120.399,118.72149999999999,109.6585,106.47749999999999,133.1145,94.48349999999999,117.43850000000002,0.3,0.3466666666666667,0.3333333333333333,0.30666666666666664,0.3,0.38,0.26666666666666666,0.3333333333333333,
105.41699999999999,97.9275,95.832,133.8995,122.161,112.96549999999999,129.097,122.7705,0.29333333333333333,0.2733333333333333,0.26666666666666666,0.38,0.35333333333333333,0.31333333333333335,0.36666666666666664,0.34,
137.57999999999998,129.703,116.25500000000001,108.9405,113.6515,135.9055,135.4275,126.336,0.3933333333333333,0.36666666666666664,0.3333333333333333,0.30666666666666664,0.32,0.38666666666666666,0.3933333333333333,0.36,
96.032,106.986,112.6175,107.027,121.31,100.40950000000001,120.305,113.894,0.26666666666666666,0.3,0.32,0.3,0.3466666666666667,0.28,0.34,0.32666666666666666,
100.677,96.5535,134.5485,135.7965,117.6755,113.8145,120.31599999999999,128.35750000000002,0.28,0.26666666666666666,0.38,0.38666666666666666,0.3333333333333333,0.32,0.34,0.37333333333333335,
114.68,111.3535,100.633,123.76699999999998,127.318,87.1445,116.9765,113.077,0.32,0.31333333333333335,0.2866666666666667,0.35333333333333333,0.36,0.24,0.32666666666666666,0.32,
119.22749999999999,110.0565,122.413,99.48949999999999,110.959,129.383,99.4215,86.626,0.34,0.31333333333333335,0.34,0.28,0.31333333333333335,0.37333333333333335,0.2733333333333333,0.24,
109.7355,106.674,140.846,117.547,114.6505,97.7775,121.2625,128.274,0.31333333333333335,0.3,0.4066666666666667,0.32666666666666666,0.32666666666666666,0.26666666666666666,0.3466666666666667,0.36,
132.405,109.47800000000001,133.8975,117.029,117.21350000000001,110.3385,128.495,132.639,0.38,0.3,0.38,0.32666666666666666,0.3333333333333333,0.31333333333333335,0.36,0.38,
119.53249999999998,105.5885,108.2245,141.0025,117.1555,111.756,117.0735,122.6955,0.34,0.30666666666666664,0.3,0.4066666666666667,0.3333333333333333,0.31333333333333335,0.3333333333333333,0.35333333333333333,
131.344,111.825,98.4865,116.341,93.548,104.264,112.425,104.02150000000002,0.37333333333333335,0.32,0.28,0.32666666666666666,0.25333333333333335,0.2866666666666667,0.32,0.29333333333333333,
125.6015,115.912,93.995,118.32900000000001,127.803,129.1385,109.3905,116.201,0.35333333333333333,0.32,0.25333333333333335,0.3333333333333333,0.36,0.36666666666666664,0.30666666666666664,0.32666666666666666,
126.46500000000002,106.697,107.87400000000001,126.219,135.514,113.121,104.9235,102.057,0.36,0.3,0.30666666666666664,0.36,0.38666666666666666,0.31333333333333335,0.3,0.28,
116.581,88.349,123.5375,104.9335,122.97,116.274,117.82449999999999,108.5115,0.3333333333333333,0.24666666666666667,0.35333333333333333,0.29333333333333333,0.3466666666666667,0.32666666666666666,0.3333333333333333,0.30666666666666664,
95.543,118.6165,117.6615,117.5005,125.1675,100.281,98.1945,103.58,0.26666666666666666,0.3333333333333333,0.3333333333333333,0.3333333333333333,0.35333333333333333,0.28,0.2733333333333333,0.29333333333333333,
117.3925,127.8365,126.227,111.0315,115.4165,118.9115,97.664,110.996,0.3333333333333333,0.36666666666666664,0.35333333333333333,0.31333333333333335,0.32,0.3333333333333333,0.2733333333333333,0.31333333333333335,
116.43,110.994,108.9945,130.8085,99.135,134.4895,116.65500000000002,106.4355,0.32666666666666666,0.31333333333333335,0.30666666666666664,0.37333333333333335,0.2733333333333333,0.38666666666666666,0.32666666666666666,0.3,
127.455,127.4325,112.68299999999999,126.95450000000001,142.1225,120.28999999999999,98.62049999999999,107.5835,0.36,0.36,0.32,0.36666666666666664,0.4066666666666667,0.34,0.26666666666666666,0.3,
119.425,122.4005,113.924,91.35400000000001,120.20400000000001,119.554,125.495,86.39,0.34,0.3466666666666667,0.32666666666666666,0.25333333333333335,0.34,0.3333333333333333,0.36,0.24,
