85.14999999999999,76.02000000000001,107.479,103.08050000000001,69.495,67.447,90.771,83.375,0.24666666666666667,0.22,0.30666666666666664,0.29333333333333333,0.19333333333333333,0.18666666666666668,0.25333333333333335,0.23333333333333334,
107.6805,86.103,79.87100000000001,96.0675,94.1815,135.2775,113.322,96.8015,0.31333333333333335,0.24,0.22,0.2733333333333333,0.26666666666666666,0.38666666666666666,0.32,0.2733333333333333,
100.657,70.2925,96.18149999999999,102.05349999999999,97.5985,96.881,115.14750000000001,85.557,0.29333333333333333,0.19333333333333333,0.26666666666666666,0.2866666666666667,0.28,0.2733333333333333,0.32666666666666666,0.23333333333333334,
133.804,100.4465,123.2,112.848,104.288,125.128,97.59399999999998,103.67349999999999,0.38666666666666666,0.2866666666666667,0.36,0.32,0.29333333333333333,0.35333333333333333,0.2733333333333333,0.29333333333333333,
121.81,95.279,101.641,102.5195,112.7035,102.86449999999999,100.1225,130.701,0.3466666666666667,0.2733333333333333,0.29333333333333333,0.28,0.32666666666666666,0.29333333333333333,0.2866666666666667,0.37333333333333335,
148.549,97.7995,78.9755,116.12049999999999,96.3405,117.54650000000001,88.541,107.8185,0.4266666666666667,0.28,0.22,0.3333333333333333,0.2733333333333333,0.3333333333333333,0.25333333333333335,0.3,
107.83700000000002,95.366,104.347,85.8435,109.2385,110.134,69.6405,127.0445,0.31333333333333335,0.26666666666666666,0.3,0.24,0.30666666666666664,0.30666666666666664,0.19333333333333333,0.36,
118.045,131.7545,122.3215,99.43800000000002,117.993,107.7765,127.01050000000001,131.2235,0.34,0.38,0.35333333333333333,0.2866666666666667,0.34,0.30666666666666664,0.36,0.38,
139.9215,100.15250000000002,98.5635,108.6465,92.246,102.354,75.19999999999999,105.846,0.3933333333333333,0.28,0.2866666666666667,0.30666666666666664,0.25333333333333335,0.29333333333333333,0.21333333333333335,0.3,
103.5645,113.7245,101.8925,92.57250000000002,112.392,116.261,121.2825,122.6165,0.2866666666666667,0.32,0.28,0.26666666666666666,0.31333333333333335,0.32666666666666666,0.3466666666666667,0.3466666666666667,
129.254,114.1315,118.84700000000001,79.76,118.3665,129.761,106.368,127.035,0.36666666666666664,0.32666666666666666,0.34,0.22666666666666666,0.34,0.37333333333333335,0.30666666666666664,0.36,
96.4935,109.3815,112.747,122.505,104.72749999999999,97.7755,117.8135,101.88550000000001,0.2733333333333333,0.31333333333333335,0.32,0.35333333333333333,0.29333333333333333,0.28,0.34,0.2866666666666667,
120.691,92.34750000000001,87.751,103.25749999999998,90.22,99.917,100.32799999999999,98.77700000000002,0.3466666666666667,0.26,0.25333333333333335,0.29333333333333333,0.25333333333333335,0.2866666666666667,0.2866666666666667,0.2866666666666667,
143.493,111.44200000000001,109.98150000000001,105.9145,105.7675,94.2555,104.70050000000002,113.633,0.41333333333333333,0.32,0.31333333333333335,0.29333333333333333,0.3,0.26,0.29333333333333333,0.32,
86.687,121.944,148.524,94.485,90.038,96.9455,98.9825,80.265,0.24,0.3466666666666667,0.43333333333333335,0.26666666666666666,0.25333333333333335,0.2733333333333333,0.28,0.22666666666666666,
110.85249999999999,88.0395,102.129,89.83850000000001,119.3325,104.0125,112.1125,96.2565,0.30666666666666664,0.24666666666666667,0.29333333333333333,0.25333333333333335,0.34,0.29333333333333333,0.32666666666666666,0.2733333333333333,
90.475,124.874,113.934,91.1845,109.064,108.5955,121.736,127.176,0.25333333333333335,0.36,0.32,0.25333333333333335,0.31333333333333335,0.30666666666666664,0.3466666666666667,0.36,
126.0195,86.0715,92.1325,86.71000000000001,123.1865,113.921,127.81700000000001,140.3285,0.36,0.24666666666666667,0.26,0.24666666666666667,0.36,0.32,0.36666666666666664,0.4,
111.14699999999999,135.3105,121.55250000000001,96.867,136.2605,135.287,99.1385,89.562,0.30666666666666664,0.38666666666666666,0.3466666666666667,0.2733333333333333,0.38666666666666666,0.38666666666666666,0.28,0.25333333333333335,
140.8085,97.231,107.99,113.6305,125.163,99.3305,103.0705,102.1805,0.4066666666666667,0.28,0.31333333333333335,0.32666666666666666,0.35333333333333333,0.2733333333333333,0.2866666666666667,0.2866666666666667,
131.9335,130.2,105.936,120.5185,112.79650000000001,132.4335,132.57,108.5395,0.38,0.36666666666666664,0.29333333333333333,0.3466666666666667,0.32,0.38,0.38,0.30666666666666664,
112.088,91.748,117.6995,98.77700000000002,132.4155,145.6815,127.334,112.7405,0.31333333333333335,0.25333333333333335,0.34,0.28,0.37333333333333335,0.41333333333333333,0.36666666666666664,0.32,
130.541,132.23,152.8645,123.5865,107.17,137.6515,146.952,127.4135,0.37333333333333335,0.37333333333333335,0.43333333333333335,0.35333333333333333,0.30666666666666664,0.3933333333333333,0.4266666666666667,0.36,
116.8165,118.6335,129.195,92.18,133.085,119.0945,117.233,113.98349999999999,0.3333333333333333,0.34,0.36666666666666664,0.25333333333333335,0.38,0.34,0.3333333333333333,0.32,
107.602,144.712,134.13400000000001,115.564,133.6805,129.3095,133.937,109.1755,0.30666666666666664,0.41333333333333333,0.38666666666666666,0.32666666666666666,0.38,0.36666666666666664,0.3933333333333333,0.30666666666666664,
128.005,119.0255,129.9335,132.905,148.716,143.73250000000002,120.048,119.6125,0.36,0.34,0.36666666666666664,0.38,0.4266666666666667,0.41333333333333333,0.34,0.3466666666666667,
117.1135,128.90449999999998,117.586,128.159,148.543,94.3785,106.53399999999998,107.9795,0.34,0.36666666666666664,0.3333333333333333,0.36666666666666664,0.4266666666666667,0.26666666666666666,0.3,0.31333333333333335,
135.066,98.1535,107.6325,134.147,146.4,115.1135,133.399,94.888,0.38,0.28,0.3,0.38666666666666666,0.4266666666666667,0.32666666666666666,0.38,0.26666666666666666,
102.78399999999999,125.9525,108.887,98.70600000000002,138.3425,133.2,124.0485,67.7225,0.2866666666666667,0.36,0.30666666666666664,0.28,0.3933333333333333,0.38,0.35333333333333333,0.19333333333333333,
120.749,102.59299999999999,120.0145,167.63849999999996,116.796,129.2815,107.3945,102.1115,0.34,0.29333333333333333,0.34,0.48,0.32666666666666666,0.36666666666666664,0.30666666666666664,0.2866666666666667,
100.8135,120.973,116.25599999999999,136.381,113.8905,107.11449999999999,145.5745,107.375,0.2866666666666667,0.3466666666666667,0.32666666666666666,0.3933333333333333,0.32,0.30666666666666664,0.42,0.3,
132.2045,80.524,121.46450000000002,137.4675,136.53,85.4515,131.7415,113.86899999999999,0.38,0.22,0.3466666666666667,0.4,0.38666666666666666,0.24,0.38,0.31333333333333335,
100.8925,131.378,101.1715,117.666,125.2635,117.5635,119.56550000000001,110.6065,0.28,0.37333333333333335,0.2866666666666667,0.3333333333333333,0.36,0.32666666666666666,0.3333333333333333,0.31333333333333335,
126.5205,105.566,112.81700000000001,124.09649999999999,129.5765,112.726,121.342,113.677,0.36666666666666664,0.3,0.32666666666666666,0.36,0.37333333333333335,0.32,0.3466666666666667,0.32,
95.476,85.58450000000002,123.79850000000002,138.94650000000001,106.9065,118.1265,146.619,104.51149999999998,0.26666666666666666,0.23333333333333334,0.35333333333333333,0.4,0.31333333333333335,0.34,0.42,0.29333333333333333,
106.98499999999999,93.9385,124.699,94.7785,110.62049999999999,110.4995,111.875,109.0835,0.30666666666666664,0.26666666666666666,0.36,0.26666666666666666,0.31333333333333335,0.31333333333333335,0.31333333333333335,0.30666666666666664,
106.4545,120.254,131.732,89.155,115.555,99.7935,118.67150000000001,131.7425,0.3,0.34,0.38,0.24666666666666667,0.3333333333333333,0.28,0.34,0.38,
117.9875,119.1935,133.9675,123.06650000000002,116.90899999999999,94.14249999999998,136.3045,107.45350000000002,0.34,0.34,0.38666666666666666,0.35333333333333333,0.3333333333333333,0.26666666666666666,0.3933333333333333,0.30666666666666664,
104.096,129.03,112.5555,128.247,111.49700000000001,117.8545,116.89949999999999,135.752,0.29333333333333333,0.37333333333333335,0.32,0.36666666666666664,0.32,0.34,0.32666666666666666,0.38666666666666666,
123.494,103.111,104.262,105.984,118.1785,138.1435,109.5595,81.80400000000002,0.35333333333333333,0.29333333333333333,0.29333333333333333,0.3,0.3333333333333333,0.3933333333333333,0.31333333333333335,0.22666666666666666,
118.3965,113.85849999999999,145.636,114.219,110.6995,111.41,94.1285,100.685,0.34,0.32,0.42,0.32666666666666666,0.32,0.31333333333333335,0.26666666666666666,0.2866666666666667,
91.135,112.6375,106.5475,103.974,78.8945,121.53549999999998,94.3245,100.287,0.24666666666666667,0.32666666666666666,0.30666666666666664,0.3,0.22,0.34,0.26666666666666666,0.2866666666666667,
120.3095,95.4405,120.3935,90.891,96.0455,100.176,148.825,105.24,0.3333333333333333,0.2733333333333333,0.3466666666666667,0.25333333333333335,0.26666666666666666,0.29333333333333333,0.43333333333333335,0.3,
116.097,140.8735,106.9555,122.194,119.109,108.1985,110.7065,123.7425,0.32666666666666666,0.4066666666666667,0.3,0.3466666666666667,0.3466666666666667,0.30666666666666664,0.31333333333333335,0.35333333333333333,
112.05199999999999,118.35249999999999,150.6395,123.6,94.0615,101.73349999999999,106.374,124.438,0.32,0.3333333333333333,0.43333333333333335,0.3466666666666667,0.26666666666666666,0.2866666666666667,0.3,0.36,
122.61550000000001,130.121,139.569,151.96699999999998,113.008,110.338,100.513,100.399,0.3466666666666667,0.37333333333333335,0.4066666666666667,0.43333333333333335,0.32,0.30666666666666664,0.28,0.28,
96.531,126.922,128.3005,129.609,112.09199999999998,128.4305,121.3655,125.6695,0.26666666666666666,0.36666666666666664,0.36666666666666664,0.37333333333333335,0.32,0.36666666666666664,0.3466666666666667,0.35333333333333333,
131.834,145.6355,138.93,143.9685,118.2735,131.341,125.2855,144.001,0.37333333333333335,0.42,0.4,0.4066666666666667,0.34,0.37333333333333335,0.36,0.42,
148.16649999999998,121.253,128.794,116.3435,96.01050000000001,124.9665,108.32650000000001,116.7415,0.4266666666666667,0.3466666666666667,0.36,0.3333333333333333,0.26666666666666666,0.35333333333333333,0.30666666666666664,0.3333333333333333,
131.3985,126.1785,118.52799999999999,131.9775,117.3155,119.33900000000001,104.743,109.8015,0.36666666666666664,0.36,0.3333333333333333,0.37333333333333335,0.3333333333333333,0.34,0.3,0.30666666666666664,
125.17,132.089,136.6185,132.338,116.22000000000001,118.9985,112.145,133.097,0.35333333333333333,0.37333333333333335,0.3933333333333333,0.37333333333333335,0.3333333333333333,0.34,0.32,0.38,
128.102,114.7255,162.2595,129.015,123.513,104.80600000000001,122.639,123.746,0.36,0.32666666666666666,0.4666666666666667,0.36666666666666664,0.35333333333333333,0.29333333333333333,0.3466666666666667,0.35333333333333333,
125.0805,129.8845,125.69200000000001,126.5315,109.766,154.60049999999998,120.157,116.6775,0.35333333333333333,0.36666666666666664,0.36,0.36,0.31333333333333335,0.44,0.34,0.3333333333333333,
141.1395,130.944,123.05,115.542,114.069,108.72800000000001,106.158,133.1105,0.4066666666666667,0.37333333333333335,0.3466666666666667,0.32666666666666666,0.32,0.30666666666666664,0.3,0.38,
111.7675,102.252,138.9985,94.8325,129.0585,130.668,95.961,120.4735,0.32,0.2866666666666667,0.3933333333333333,0.26,0.36666666666666664,0.36666666666666664,0.26666666666666666,0.3466666666666667,
82.743,114.393,129.2745,117.3065,109.1645,132.281,116.809,124.9475,0.24,0.32666666666666666,0.36666666666666664,0.3333333333333333,0.31333333333333335,0.37333333333333335,0.3333333333333333,0.35333333333333333,
140.5735,133.118,116.337,116.58600000000001,115.97450000000002,107.33300000000001,126.6255,124.8205,0.4066666666666667,0.38666666666666666,0.3333333333333333,0.32666666666666666,0.32666666666666666,0.30666666666666664,0.36666666666666664,0.35333333333333333,
129.657,120.642,129.583,122.7115,91.763,114.258,97.596,145.4235,0.37333333333333335,0.3466666666666667,0.36666666666666664,0.35333333333333333,0.25333333333333335,0.32,0.2866666666666667,0.42,
106.1175,106.6225,127.452,123.33199999999998,80.127,86.23000000000002,117.35399999999998,106.4175,0.3,0.3,0.36,0.3466666666666667,0.22,0.24,0.3333333333333333,0.3,
114.42400000000002,95.3635,135.975,103.55,110.13550000000001,120.0275,118.597,94.575,0.32666666666666666,0.2733333333333333,0.38666666666666666,0.29333333333333333,0.31333333333333335,0.3466666666666667,0.3466666666666667,0.26666666666666666,
127.361,139.5045,121.48200000000001,95.7555,116.0565,100.15449999999998,98.24,99.4605,0.36666666666666664,0.4,0.34,0.26666666666666666,0.32666666666666666,0.2866666666666667,0.28,0.2866666666666667,
112.6735,146.685,131.5495,133.789,99.48949999999999,114.428,117.9305,113.7485,0.32,0.42,0.37333333333333335,0.38,0.2866666666666667,0.32,0.3333333333333333,0.32666666666666666,
110.99150000000002,130.3265,131.4515,98.9065,112.8405,136.128,116.98349999999999,103.5905,0.31333333333333335,0.36666666666666664,0.37333333333333335,0.28,0.32,0.38666666666666666,0.3333333333333333,0.29333333333333333,
129.4545,84.3815,124.28800000000001,111.162,140.3165,104.1515,123.0065,117.6775,0.37333333333333335,0.24,0.35333333333333333,0.30666666666666664,0.4,0.29333333333333333,0.3466666666666667,0.34,
132.622,126.01650000000001,134.0145,139.911,121.961,111.10849999999999,129.413,107.609,0.38,0.36,0.38,0.4,0.3466666666666667,0.30666666666666664,0.36666666666666664,0.30666666666666664,
126.6765,120.399,120.973,107.7585,153.3425,120.40350000000001,109.9015,162.7525,0.36,0.34,0.34,0.30666666666666664,0.44,0.34,0.31333333333333335,0.4666666666666667,
103.8895,131.925,92.607,136.445,127.328,101.6555,102.208,99.3035,0.29333333333333333,0.37333333333333335,0.26,0.38666666666666666,0.36,0.2866666666666667,0.2866666666666667,0.2733333333333333,
106.6835,121.138,93.5245,130.324,114.42749999999998,122.979,100.3355,127.569,0.3,0.3466666666666667,0.26666666666666666,0.37333333333333335,0.32,0.3466666666666667,0.28,0.36666666666666664,
117.3085,148.1235,132.406,137.478,97.102,102.6765,110.774,110.26100000000001,0.34,0.4266666666666667,0.38,0.3933333333333333,0.28,0.29333333333333333,0.32,0.30666666666666664,
128.982,117.04650000000001,143.4815,133.3975,118.5455,132.6565,139.235,123.298,0.36,0.32666666666666666,0.41333333333333333,0.38666666666666666,0.3333333333333333,0.38,0.38666666666666666,0.35333333333333333,
121.531,132.68,137.2285,146.742,130.6305,130.4765,115.9505,131.723,0.3466666666666667,0.38,0.3933333333333333,0.42,0.37333333333333335,0.36666666666666664,0.32666666666666666,0.38,
122.23,127.932,136.792,138.0235,128.849,136.843,115.399,139.2165,0.35333333333333333,0.36666666666666664,0.3933333333333333,0.3933333333333333,0.36666666666666664,0.38666666666666666,0.3333333333333333,0.4,
161.53650000000002,115.713,115.1305,150.86850000000004,118.0075,110.7555,102.5705,95.8075,0.4666666666666667,0.32666666666666666,0.32666666666666666,0.43333333333333335,0.3333333333333333,0.31333333333333335,0.29333333333333333,0.26666666666666666,
130.567,107.377,115.7315,117.2025,145.077,118.08400000000002,140.027,106.49749999999999,0.37333333333333335,0.3,0.32666666666666666,0.3333333333333333,0.4066666666666667,0.3333333333333333,0.4,0.30666666666666664,
128.3005,112.696,113.777,127.09450000000001,110.2605,114.2915,131.0105,142.9435,0.36666666666666664,0.32666666666666666,0.32,0.36666666666666664,0.31333333333333335,0.32666666666666666,0.38,0.4066666666666667,
122.47550000000001,131.7505,118.8315,119.87899999999999,117.412,150.946,100.637,145.696,0.3466666666666667,0.37333333333333335,0.34,0.3333333333333333,0.3333333333333333,0.43333333333333335,0.2866666666666667,0.42,
100.8365,135.501,144.17000000000002,140.4865,115.1285,120.3755,141.4785,157.3285,0.28,0.38666666666666666,0.41333333333333333,0.4,0.32666666666666666,0.34,0.4066666666666667,0.44666666666666666,
121.1035,117.133,134.10399999999998,131.4065,123.12000000000002,109.1735,147.8445,137.65800000000002,0.34,0.3333333333333333,0.38666666666666666,0.37333333333333335,0.3466666666666667,0.30666666666666664,0.42,0.38666666666666666,
132.3725,117.705,128.8245,122.7115,142.2025,113.12950000000001,135.6715,131.0025,0.37333333333333335,0.3333333333333333,0.36666666666666664,0.3466666666666667,0.4066666666666667,0.32,0.38666666666666666,0.36666666666666664,
116.625,108.4395,116.56,127.51050000000002,129.807,140.227,137.03300000000002,106.8725,0.32666666666666666,0.3,0.3333333333333333,0.36666666666666664,0.36666666666666664,0.4,0.3933333333333333,0.3,
129.215,141.7565,129.7075,107.7015,96.77799999999999,107.877,130.77,149.3425,0.36666666666666664,0.4,0.36666666666666664,0.3,0.26666666666666666,0.30666666666666664,0.37333333333333335,0.4266666666666667,
146.98250000000002,117.9735,115.428,159.1255,134.0245,129.0555,139.7135,115.238,0.42,0.3333333333333333,0.32666666666666666,0.46,0.38,0.37333333333333335,0.4,0.32666666666666666,
134.8325,134.625,122.3105,136.9655,134.7725,144.929,118.5635,128.02,0.38,0.38,0.3466666666666667,0.38666666666666666,0.38666666666666666,0.41333333333333333,0.34,0.36666666666666664,
107.1995,121.5345,114.0715,139.84199999999998,101.68299999999999,141.676,127.4465,119.933,0.30666666666666664,0.34,0.32666666666666666,0.4,0.2866666666666667,0.4066666666666667,0.35333333333333333,0.34,
118.156,116.43299999999999,149.0735,115.47099999999999,115.6505,122.149,139.1505,144.016,0.3333333333333333,0.32666666666666666,0.4266666666666667,0.32666666666666666,0.32666666666666666,0.34,0.3933333333333333,0.41333333333333333,
127.684,152.44050000000001,141.9915,131.547,141.7365,118.0535,154.4555,133.6755,0.36,0.44,0.4,0.37333333333333335,0.4066666666666667,0.3333333333333333,0.44666666666666666,0.38,
128.65449999999998,135.645,140.1025,119.117,108.6745,157.6065,97.83649999999999,125.45599999999999,0.36666666666666664,0.38,0.4,0.34,0.30666666666666664,0.4533333333333333,0.2733333333333333,0.35333333333333333,
107.805,97.536,132.385,96.7875,128.25,108.06549999999999,121.214,123.709,0.3,0.28,0.38,0.2733333333333333,0.36666666666666664,0.3,0.34,0.35333333333333333,
107.879,129.74,145.512,120.1135,157.80349999999999,123.129,103.7935,155.504,0.30666666666666664,0.36666666666666664,0.42,0.34,0.4533333333333333,0.3466666666666667,0.29333333333333333,0.44,
125.6095,136.0115,137.427,116.7585,128.3375,151.579,123.88850000000001,153.6365,0.36,0.38666666666666666,0.3933333333333333,0.3333333333333333,0.36666666666666664,0.43333333333333335,0.35333333333333333,0.44,
121.4145,146.3755,144.353,132.1605,144.0215,140.7935,136.8955,104.467,0.34,0.42,0.41333333333333333,0.37333333333333335,0.41333333333333333,0.4066666666666667,0.38666666666666666,0.29333333333333333,
146.9915,132.8235,128.4715,133.673,130.6045,129.74099999999999,121.9975,110.929,0.42,0.38,0.36666666666666664,0.38,0.37333333333333335,0.37333333333333335,0.3466666666666667,0.31333333333333335,
149.0085,123.01749999999998,139.10750000000002,120.78399999999999,102.2505,133.5585,138.686,144.641,0.4266666666666667,0.3466666666666667,0.4,0.3466666666666667,0.2866666666666667,0.38,0.3933333333333333,0.41333333333333333,
133.5625,143.051,129.3165,111.117,120.618,158.779,116.5605,122.28399999999999,0.38,0.41333333333333333,0.36666666666666664,0.31333333333333335,0.34,0.4533333333333333,0.3333333333333333,0.3466666666666667,
98.646,145.364,132.6455,125.797,124.6105,114.918,124.843,123.7525,0.2733333333333333,0.42,0.38,0.36,0.35333333333333333,0.32,0.36,0.3466666666666667,
122.543,126.6095,144.917,140.8655,157.819,129.684,133.93,121.26,0.3466666666666667,0.36,0.4066666666666667,0.4,0.4533333333333333,0.37333333333333335,0.38666666666666666,0.3466666666666667,
116.20949999999999,144.322,113.388,118.21549999999999,146.719,143.1875,137.673,135.272,0.3333333333333333,0.41333333333333333,0.32666666666666666,0.3333333333333333,0.42,0.41333333333333333,0.3933333333333333,0.38,
156.8525,97.55899999999998,129.103,146.0465,124.3455,110.374,121.213,141.794,0.44666666666666666,0.2733333333333333,0.36,0.41333333333333333,0.3466666666666667,0.30666666666666664,0.34,0.4,
107.4985,131.8345,118.29299999999999,124.9445,100.535,138.1585,139.1975,126.37899999999999,0.3,0.38,0.3333333333333333,0.35333333333333333,0.2866666666666667,0.3933333333333333,0.4,0.36,
130.4365,140.5655,142.60399999999998,149.077,125.14299999999999,134.4375,110.4085,127.65100000000001,0.37333333333333335,0.4,0.41333333333333333,0.4266666666666667,0.36,0.38,0.31333333333333335,0.36,
128.072,126.288,121.523,149.1635,123.875,138.9665,133.556,120.7145,0.37333333333333335,0.36,0.34,0.4266666666666667,0.3466666666666667,0.4,0.38,0.3466666666666667,
119.49600000000001,137.6735,112.24749999999999,129.428,128.7145,123.8035,140.115,136.8525,0.34,0.3933333333333333,0.31333333333333335,0.37333333333333335,0.36666666666666664,0.35333333333333333,0.4,0.38666666666666666,
124.3605,132.828,118.414,125.34700000000001,131.6185,153.6855,127.946,118.616,0.35333333333333333,0.38,0.34,0.36,0.38,0.44,0.36666666666666664,0.34,
119.39200000000001,105.3035,134.2785,147.7735,125.2565,133.622,162.7615,110.70400000000001,0.34,0.29333333333333333,0.38,0.42,0.35333333333333333,0.38,0.4666666666666667,0.31333333333333335,
124.408,119.00450000000001,121.087,146.5785,143.9765,126.191,131.698,110.2205,0.35333333333333333,0.3333333333333333,0.3466666666666667,0.42,0.41333333333333333,0.36,0.37333333333333335,0.31333333333333335,
126.944,117.15950000000002,132.965,132.497,108.874,142.417,152.053,104.22749999999999,0.36666666666666664,0.3333333333333333,0.38,0.38,0.30666666666666664,0.4066666666666667,0.43333333333333335,0.2866666666666667,
121.515,152.7635,121.193,125.559,112.6045,140.1475,133.0285,153.9775,0.3466666666666667,0.44,0.34,0.36,0.32,0.4,0.37333333333333335,0.44,
102.655,138.7345,103.8595,135.5485,147.3995,155.78449999999998,118.787,119.574,0.29333333333333333,0.3933333333333333,0.2866666666666667,0.38,0.42,0.44666666666666666,0.34,0.34,
124.21549999999999,137.1535,155.951,149.0815,149.211,137.2935,140.8495,132.836,0.35333333333333333,0.3933333333333333,0.44,0.4266666666666667,0.4266666666666667,0.38666666666666666,0.4,0.38,
144.6575,118.349,138.401,123.40950000000001,150.57150000000001,124.251,114.172,114.2365,0.4066666666666667,0.34,0.38666666666666666,0.3466666666666667,0.4266666666666667,0.3466666666666667,0.32,0.32,
147.568,148.8875,142.727,138.7955,137.484,135.2665,137.0765,120.401,0.42,0.42,0.41333333333333333,0.4,0.38666666666666666,0.38,0.38666666666666666,0.34,
106.451,143.906,126.12950000000001,140.85399999999998,167.24949999999998,129.776,117.827,142.905,0.30666666666666664,0.41333333333333333,0.36,0.4,0.48,0.37333333333333335,0.3333333333333333,0.4066666666666667,
143.4955,141.2475,150.209,145.7735,139.5855,112.7695,141.437,117.874,0.4066666666666667,0.4,0.43333333333333335,0.42,0.4,0.32,0.4066666666666667,0.3333333333333333,
129.885,124.3685,148.339,124.37049999999999,122.91149999999999,106.4805,124.25,126.08150000000002,0.36666666666666664,0.3466666666666667,0.4266666666666667,0.3466666666666667,0.3466666666666667,0.30666666666666664,0.35333333333333333,0.35333333333333333,
153.0065,130.1715,148.959,141.731,133.553,112.31649999999999,133.69650000000001,149.0435,0.43333333333333335,0.37333333333333335,0.43333333333333335,0.4,0.38,0.32,0.38,0.4266666666666667,
134.496,137.882,131.4855,125.4505,118.315,138.7865,121.22800000000001,119.35749999999999,0.38,0.3933333333333333,0.37333333333333335,0.35333333333333333,0.3333333333333333,0.4,0.34,0.34,
111.28700000000002,125.604,130.372,134.156,137.8705,139.152,142.488,154.0725,0.30666666666666664,0.36,0.37333333333333335,0.38666666666666666,0.3933333333333333,0.4,0.4066666666666667,0.44,
124.682,146.4845,125.953,135.84199999999998,114.2955,118.9065,137.3315,125.90999999999998,0.35333333333333333,0.42,0.35333333333333333,0.38666666666666666,0.32,0.34,0.3933333333333333,0.36,
129.499,118.592,141.623,122.657,130.0245,166.871,154.6155,132.755,0.37333333333333335,0.34,0.4066666666666667,0.34,0.37333333333333335,0.48,0.44,0.38,
132.344,142.679,101.9085,135.2125,148.2845,142.161,104.18299999999999,156.04149999999998,0.38,0.4066666666666667,0.2866666666666667,0.38666666666666666,0.4266666666666667,0.4,0.29333333333333333,0.44666666666666666,
111.42849999999999,90.696,141.07150000000001,126.325,133.52,153.227,120.761,121.3865,0.32,0.25333333333333335,0.4066666666666667,0.36,0.38,0.43333333333333335,0.3466666666666667,0.34,
140.8625,138.805,117.4465,135.377,114.28450000000002,138.196,156.245,131.94650000000001,0.3933333333333333,0.3933333333333333,0.3333333333333333,0.38666666666666666,0.32,0.4,0.44666666666666666,0.37333333333333335,
104.4995,150.443,118.6125,108.291,155.93,124.2075,117.45750000000001,139.9905,0.29333333333333333,0.4266666666666667,0.32666666666666666,0.30666666666666664,0.44666666666666666,0.35333333333333333,0.32666666666666666,0.3933333333333333,
153.05,149.914,131.807,129.731,145.4175,146.439,130.9345,131.698,0.44,0.43333333333333335,0.37333333333333335,0.36666666666666664,0.42,0.41333333333333333,0.37333333333333335,0.37333333333333335,
100.561,134.1725,118.7025,138.2555,140.889,118.97149999999999,111.18,147.277,0.28,0.38,0.3333333333333333,0.3933333333333333,0.4,0.34,0.31333333333333335,0.42,
151.2055,140.802,114.138,150.239,125.071,137.2635,156.6085,140.197,0.43333333333333335,0.4066666666666667,0.32666666666666666,0.43333333333333335,0.35333333333333333,0.3933333333333333,0.4533333333333333,0.4,
121.498,120.87049999999999,126.38000000000001,123.812,124.4805,108.0445,132.4605,134.07150000000001,0.35333333333333333,0.3466666666666667,0.35333333333333333,0.35333333333333333,0.35333333333333333,0.3,0.38,0.38,
164.883,133.329,144.9435,137.4385,105.025,134.661,145.8275,171.238,0.48,0.38,0.42,0.38666666666666666,0.3,0.38666666666666666,0.41333333333333333,0.49333333333333335,
137.0845,156.10399999999998,158.13,144.962,155.879,138.589,169.3685,113.34700000000001,0.3933333333333333,0.44666666666666666,0.4533333333333333,0.41333333333333333,0.44666666666666666,0.3933333333333333,0.4866666666666667,0.32,
118.2675,159.6275,121.46499999999999,121.718,129.7745,153.86950000000002,153.421,142.075,0.3333333333333333,0.46,0.3466666666666667,0.3466666666666667,0.37333333333333335,0.44,0.44,0.4,
150.1645,139.544,142.3665,144.864,134.84,132.4835,133.14600000000002,148.4745,0.43333333333333335,0.4066666666666667,0.4,0.41333333333333333,0.38666666666666666,0.37333333333333335,0.38,0.42,
134.107,113.10849999999999,118.78450000000001,117.0455,120.84,148.27,153.02949999999998,143.209,0.38,0.31333333333333335,0.3333333333333333,0.32666666666666666,0.3466666666666667,0.4266666666666667,0.44,0.41333333333333333,
136.2935,148.82150000000001,129.239,153.0305,143.1305,115.23,124.583,127.9245,0.3933333333333333,0.42,0.36666666666666664,0.44,0.41333333333333333,0.32666666666666666,0.35333333333333333,0.36666666666666664,
124.991,141.761,122.811,111.95049999999999,145.7185,131.9695,128.411,128.437,0.35333333333333333,0.4,0.3466666666666667,0.32,0.42,0.37333333333333335,0.36,0.36666666666666664,
115.9345,135.8535,99.122,143.049,131.9575,117.2685,126.59,128.1435,0.32666666666666666,0.3933333333333333,0.28,0.41333333333333333,0.37333333333333335,0.3333333333333333,0.36,0.36,
131.4105,127.1055,148.485,129.999,146.713,148.169,135.377,133.812,0.38,0.36666666666666664,0.41333333333333333,0.36666666666666664,0.4266666666666667,0.42,0.38666666666666666,0.38666666666666666,
115.561,157.55349999999999,121.3985,107.47749999999999,139.64249999999998,119.9925,138.691,125.428,0.3333333333333333,0.4533333333333333,0.3466666666666667,0.3,0.3933333333333333,0.34,0.3933333333333333,0.35333333333333333,
105.8895,144.4535,139.785,138.678,122.5255,140.518,113.9305,149.644,0.29333333333333333,0.41333333333333333,0.4,0.4,0.3466666666666667,0.4,0.32,0.4266666666666667,
123.668,124.146,139.9015,153.769,127.934,127.237,113.888,121.74449999999999,0.35333333333333333,0.35333333333333333,0.3933333333333333,0.44,0.36,0.35333333333333333,0.32,0.3466666666666667,
147.539,160.381,118.05000000000001,111.693,136.263,126.4425,137.568,119.21749999999999,0.4266666666666667,0.46,0.3333333333333333,0.32,0.38666666666666666,0.36,0.3933333333333333,0.3333333333333333,
136.465,126.83,134.787,118.201,150.65449999999998,140.4795,150.01749999999998,131.797,0.3933333333333333,0.36,0.38,0.3333333333333333,0.4266666666666667,0.4,0.43333333333333335,0.37333333333333335,
142.7495,130.089,133.591,136.474,132.3,114.77850000000001,135.872,122.78900000000002,0.4066666666666667,0.37333333333333335,0.38,0.3933333333333333,0.37333333333333335,0.32,0.38666666666666666,0.3466666666666667,
128.193,117.5305,93.384,125.19800000000001,123.90549999999999,126.914,135.0365,127.23250000000002,0.36,0.3333333333333333,0.26,0.35333333333333333,0.3466666666666667,0.36,0.38666666666666666,0.36,
142.733,115.7885,105.1835,110.55500000000002,131.4375,97.26100000000001,139.4745,150.62849999999997,0.4066666666666667,0.32666666666666666,0.29333333333333333,0.31333333333333335,0.36666666666666664,0.26666666666666666,0.4,0.4266666666666667,
142.965,123.3695,132.9315,117.0315,126.7515,140.867,116.8505,116.4915,0.41333333333333333,0.35333333333333333,0.37333333333333335,0.3333333333333333,0.36,0.4,0.3333333333333333,0.32666666666666666,
135.6435,109.4695,120.184,118.3605,142.7635,128.6685,120.7735,168.333,0.38,0.30666666666666664,0.3333333333333333,0.3333333333333333,0.4066666666666667,0.36,0.3466666666666667,0.4866666666666667,
138.255,128.825,125.9645,131.624,136.6675,111.3985,125.5075,128.751,0.3933333333333333,0.36666666666666664,0.35333333333333333,0.37333333333333335,0.38666666666666666,0.30666666666666664,0.36,0.36666666666666664,
136.159,132.113,142.8385,148.2935,138.9965,149.0845,128.6225,143.6055,0.38666666666666666,0.37333333333333335,0.4066666666666667,0.4266666666666667,0.4,0.42,0.36666666666666664,0.4066666666666667,
117.88,116.044,137.985,117.01650000000001,147.933,137.2285,151.6595,135.141,0.32666666666666666,0.32,0.3933333333333333,0.3333333333333333,0.42,0.3933333333333333,0.43333333333333335,0.38,
136.1275,139.9635,110.1705,128.4005,157.99999999999997,125.05199999999999,124.213,149.476,0.38666666666666666,0.4,0.30666666666666664,0.36,0.4533333333333333,0.35333333333333333,0.35333333333333333,0.43333333333333335,
136.142,131.9575,127.9175,131.5095,122.865,151.649,137.786,128.3345,0.38666666666666666,0.37333333333333335,0.36666666666666664,0.37333333333333335,0.3466666666666667,0.43333333333333335,0.3933333333333333,0.36,
138.3675,111.9925,117.2175,128.276,136.156,127.3235,124.70799999999998,121.81349999999999,0.3933333333333333,0.31333333333333335,0.32666666666666666,0.36666666666666664,0.38666666666666666,0.36666666666666664,0.3466666666666667,0.34,
130.1935,138.1385,136.8025,129.4615,142.2425,126.6015,118.25949999999999,137.5965,0.36,0.3933333333333333,0.38666666666666666,0.36666666666666664,0.4066666666666667,0.36,0.3333333333333333,0.38666666666666666,
141.55349999999999,110.73949999999999,126.131,112.35349999999998,151.788,135.577,125.2885,124.246,0.4,0.31333333333333335,0.35333333333333333,0.30666666666666664,0.43333333333333335,0.38666666666666666,0.35333333333333333,0.35333333333333333,
147.0655,150.00249999999997,125.4015,159.1145,140.684,124.84700000000001,118.803,145.218,0.41333333333333333,0.4266666666666667,0.36,0.4533333333333333,0.4,0.36,0.3333333333333333,0.41333333333333333,
152.2835,117.5525,112.7505,129.4435,137.711,141.1845,127.643,106.5155,0.43333333333333335,0.3333333333333333,0.32,0.36666666666666664,0.3933333333333333,0.4066666666666667,0.36666666666666664,0.30666666666666664,
119.779,129.082,120.53450000000001,135.0525,109.0665,155.08749999999998,123.44200000000001,140.25900000000001,0.34,0.36666666666666664,0.34,0.38,0.30666666666666664,0.44,0.35333333333333333,0.4,
142.7075,114.649,144.308,108.7505,131.8315,135.2745,130.258,142.365,0.4066666666666667,0.32,0.41333333333333333,0.30666666666666664,0.38,0.38666666666666666,0.37333333333333335,0.4066666666666667,
137.5305,153.33,128.01,145.734,129.846,131.186,139.84199999999998,145.36,0.3933333333333333,0.44,0.36666666666666664,0.42,0.36,0.37333333333333335,0.4,0.41333333333333333,
122.87049999999999,122.40599999999999,138.6155,106.4365,136.4565,111.5645,142.655,131.875,0.3466666666666667,0.35333333333333333,0.3933333333333333,0.3,0.38666666666666666,0.32,0.41333333333333333,0.37333333333333335,
135.727,128.4185,151.04649999999998,149.175,133.837,127.76650000000001,157.0365,151.46450000000002,0.38666666666666666,0.36666666666666664,0.43333333333333335,0.4266666666666667,0.38,0.36,0.4533333333333333,0.43333333333333335,
131.828,130.973,136.278,125.4305,140.8,146.3375,115.5145,130.781,0.37333333333333335,0.37333333333333335,0.38,0.35333333333333333,0.4,0.42,0.32666666666666666,0.37333333333333335,
132.7245,139.473,135.31,118.2645,147.5765,126.62049999999999,131.0145,141.41,0.38,0.4,0.38666666666666666,0.34,0.42,0.36,0.37333333333333335,0.4066666666666667,
137.994,129.51,136.989,124.60150000000002,118.0295,128.7815,132.77100000000002,145.397,0.3933333333333333,0.36,0.38666666666666666,0.35333333333333333,0.3333333333333333,0.36666666666666664,0.38,0.41333333333333333,
136.484,121.23349999999999,108.1095,131.60399999999998,135.9895,137.7905,136.01,124.605,0.38666666666666666,0.3466666666666667,0.30666666666666664,0.37333333333333335,0.3933333333333333,0.3933333333333333,0.38666666666666666,0.3466666666666667,
160.04,141.6995,122.6875,130.894,142.74,139.576,118.7655,134.1265,0.46,0.4066666666666667,0.35333333333333333,0.37333333333333335,0.4066666666666667,0.3933333333333333,0.34,0.38666666666666666,
115.9985,125.825,119.9975,139.0965,132.0055,125.627,143.9635,139.1415,0.32666666666666666,0.35333333333333333,0.34,0.4,0.38,0.36,0.41333333333333333,0.3933333333333333,
133.679,160.067,132.373,136.25900000000001,123.1315,118.1155,128.0375,128.056,0.38,0.46,0.38,0.38666666666666666,0.34,0.3333333333333333,0.36666666666666664,0.36666666666666664,
118.205,138.8145,138.1015,118.616,144.484,125.78999999999999,121.04550000000002,113.47800000000001,0.34,0.3933333333333333,0.3933333333333333,0.34,0.41333333333333333,0.35333333333333333,0.34,0.32,
126.072,121.166,129.664,132.844,136.4125,134.78300000000002,118.60300000000001,125.0615,0.36,0.3466666666666667,0.37333333333333335,0.38,0.3933333333333333,0.38666666666666666,0.34,0.36,
136.37,126.894,124.9315,119.608,113.574,129.144,139.296,130.475,0.38666666666666666,0.36,0.35333333333333333,0.34,0.32,0.36666666666666664,0.4,0.37333333333333335,
136.5015,117.45750000000001,146.76749999999998,133.8805,130.4925,130.5335,138.0515,126.6365,0.3933333333333333,0.34,0.42,0.38,0.37333333333333335,0.36666666666666664,0.3933333333333333,0.36,
132.0325,138.339,125.21549999999999,143.6055,110.3185,135.3945,146.105,129.2075,0.37333333333333335,0.4,0.35333333333333333,0.4066666666666667,0.31333333333333335,0.38666666666666666,0.42,0.36666666666666664,
145.676,109.37200000000001,138.638,143.1875,107.70949999999999,118.201,127.1175,134.0315,0.41333333333333333,0.30666666666666664,0.4,0.4,0.3,0.3333333333333333,0.36,0.38,
150.527,139.654,125.26250000000002,132.9865,132.1655,123.525,113.03099999999999,147.364,0.43333333333333335,0.4,0.35333333333333333,0.38,0.37333333333333335,0.3466666666666667,0.32666666666666666,0.42,
127.0485,128.929,137.73,108.459,138.6345,112.907,133.232,124.378,0.35333333333333333,0.36666666666666664,0.38666666666666666,0.30666666666666664,0.3933333333333333,0.31333333333333335,0.38666666666666666,0.3466666666666667,
124.337,115.068,129.83350000000002,119.03999999999999,111.595,135.7565,125.3755,117.0245,0.35333333333333333,0.32,0.37333333333333335,0.34,0.31333333333333335,0.38666666666666666,0.35333333333333333,0.32666666666666666,
124.8015,115.3575,144.34,115.393,130.093,142.41,161.106,148.48,0.35333333333333333,0.32666666666666666,0.41333333333333333,0.3333333333333333,0.36666666666666664,0.4066666666666667,0.4666666666666667,0.42,
144.0915,137.0305,146.3265,110.618,137.904,140.0105,128.805,128.4925,0.41333333333333333,0.3933333333333333,0.42,0.30666666666666664,0.4,0.4,0.36,0.36666666666666664,
114.6325,133.698,146.3755,122.3265,122.839,121.3185,114.19,155.78449999999998,0.32,0.38,0.41333333333333333,0.3466666666666667,0.3466666666666667,0.35333333333333333,0.32666666666666666,0.44,
101.791,130.098,105.032,146.72050000000002,126.1115,142.7275,139.1535,105.462,0.2866666666666667,0.37333333333333335,0.29333333333333333,0.42,0.36,0.4,0.3933333333333333,0.3,
142.3685,163.4725,147.4135,127.73349999999999,151.153,117.317,115.83699999999999,147.431,0.4066666666666667,0.4666666666666667,0.42,0.36,0.4266666666666667,0.32666666666666666,0.32666666666666666,0.42,
145.42849999999999,125.4055,114.0975,128.8715,143.4215,158.2875,104.303,156.102,0.41333333333333333,0.35333333333333333,0.32,0.36666666666666664,0.41333333333333333,0.4533333333333333,0.2866666666666667,0.44666666666666666,
145.1365,123.69649999999999,150.6645,125.2305,156.348,141.501,127.884,134.885,0.42,0.35333333333333333,0.43333333333333335,0.35333333333333333,0.44666666666666666,0.4066666666666667,0.36666666666666664,0.38666666666666666,
140.233,129.775,131.6355,141.0925,128.149,106.3205,141.6365,132.314,0.4,0.36666666666666664,0.36666666666666664,0.4,0.36,0.3,0.4,0.37333333333333335,
127.6775,120.2695,141.4375,139.5845,152.546,148.858,134.273,141.6825,0.36666666666666664,0.3466666666666667,0.4,0.3933333333333333,0.44,0.4266666666666667,0.38,0.4,
134.925,154.9115,158.462,136.6255,137.4875,149.64600000000002,114.5245,122.063,0.38666666666666666,0.44,0.4533333333333333,0.3933333333333333,0.3933333333333333,0.4266666666666667,0.32,0.3466666666666667,
153.289,148.1325,132.752,145.9295,139.4505,148.8635,138.91,122.5145,0.43333333333333335,0.42,0.38,0.41333333333333333,0.4,0.42,0.3933333333333333,0.3466666666666667,
152.261,123.00450000000001,129.982,139.571,155.36,129.1015,145.319,140.7335,0.44,0.35333333333333333,0.36666666666666664,0.4,0.44,0.36666666666666664,0.41333333333333333,0.4066666666666667,
129.91649999999998,136.268,143.927,144.242,156.249,147.8385,144.244,150.5235,0.36666666666666664,0.38666666666666666,0.4066666666666667,0.41333333333333333,0.44666666666666666,0.42,0.4066666666666667,0.4266666666666667,
144.436,144.659,133.654,130.142,148.602,138.6895,151.805,139.345,0.41333333333333333,0.4066666666666667,0.38,0.37333333333333335,0.42,0.3933333333333333,0.43333333333333335,0.3933333333333333,
138.038,146.911,123.625,120.19,137.677,139.0125,133.054,150.9935,0.3933333333333333,0.42,0.3466666666666667,0.3333333333333333,0.38666666666666666,0.3933333333333333,0.37333333333333335,0.4266666666666667,
164.1055,150.0125,131.6085,151.661,142.7625,138.272,138.028,140.5615,0.4666666666666667,0.4266666666666667,0.37333333333333335,0.44,0.4066666666666667,0.38666666666666666,0.38666666666666666,0.4,
122.30799999999999,158.013,137.0595,115.73050000000002,162.71850000000003,131.799,138.2225,122.655,0.3466666666666667,0.4533333333333333,0.38666666666666666,0.32,0.4666666666666667,0.36666666666666664,0.3933333333333333,0.34,
140.824,167.96899999999997,131.6895,135.48,147.644,141.431,134.004,146.143,0.4,0.48,0.37333333333333335,0.38666666666666666,0.42,0.4,0.38,0.41333333333333333,
148.94,141.8745,139.956,126.8655,130.0915,152.8105,135.5915,153.785,0.4266666666666667,0.4,0.4,0.35333333333333333,0.36666666666666664,0.43333333333333335,0.38666666666666666,0.44,
137.211,146.3095,143.675,152.8105,130.911,150.637,151.7515,160.9985,0.38666666666666666,0.42,0.4066666666666667,0.43333333333333335,0.37333333333333335,0.4266666666666667,0.43333333333333335,0.46,
127.6095,133.261,130.935,145.637,130.9425,173.308,152.69899999999998,132.0255,0.36,0.37333333333333335,0.36666666666666664,0.42,0.36666666666666664,0.49333333333333335,0.43333333333333335,0.37333333333333335,
147.0405,142.2015,135.894,135.3495,143.84,159.32100000000003,140.3995,142.768,0.42,0.4066666666666667,0.38666666666666666,0.38666666666666666,0.4066666666666667,0.4533333333333333,0.3933333333333333,0.4066666666666667,
158.675,124.13299999999998,147.16649999999998,138.70850000000002,120.857,145.611,150.424,138.21,0.4533333333333333,0.3466666666666667,0.41333333333333333,0.38666666666666666,0.34,0.42,0.4266666666666667,0.38,
