112.64650000000002,98.5885,82.99049999999998,82.4645,96.471,92.5205,110.0555,86.594,0.32,0.28,0.23333333333333334,0.23333333333333334,0.2733333333333333,0.26666666666666666,0.31333333333333335,0.24666666666666667,
93.9075,87.5355,83.854,98.76099999999998,96.6825,96.352,78.8375,108.297,0.26666666666666666,0.25333333333333335,0.23333333333333334,0.28,0.2733333333333333,0.2733333333333333,0.22,0.31333333333333335,
93.1535,107.3465,73.869,89.589,91.44200000000001,78.7215,66.9505,99.4765,0.26666666666666666,0.30666666666666664,0.20666666666666667,0.25333333333333335,0.26,0.22,0.19333333333333333,0.28,
97.909,91.135,112.863,69.9565,85.1925,102.6555,105.8095,76.034,0.28,0.26,0.32,0.2,0.24666666666666667,0.29333333333333333,0.30666666666666664,0.21333333333333335,
67.4875,106.0755,95.0195,105.87950000000001,100.7885,96.6555,105.162,114.526,0.18,0.30666666666666664,0.2733333333333333,0.3,0.2866666666666667,0.2733333333333333,0.3,0.32666666666666666,
84.8935,79.6575,69.9645,84.953,93.7525,93.0825,75.102,96.61600000000001,0.24,0.22666666666666666,0.19333333333333333,0.24,0.26666666666666666,0.26666666666666666,0.21333333333333335,0.28,
106.48349999999999,80.9785,102.271,92.77,97.1305,107.8355,66.069,80.238,0.3,0.22666666666666666,0.29333333333333333,0.26,0.28,0.31333333333333335,0.18,0.22666666666666666,
73.048,96.997,98.57300000000001,92.8935,73.3535,100.6695,69.6595,85.862,0.2,0.28,0.28,0.26666666666666666,0.20666666666666667,0.29333333333333333,0.19333333333333333,0.24,
78.071,93.4685,60.2945,114.285,98.923,105.3055,82.5825,94.201,0.22,0.2733333333333333,0.16666666666666666,0.32666666666666666,0.28,0.3,0.24,0.26666666666666666,
106.4875,94.19399999999999,80.458,71.8615,83.892,50.882999999999996,94.2885,71.378,0.30666666666666664,0.26666666666666666,0.22,0.20666666666666667,0.24666666666666667,0.14,0.26666666666666666,0.2,
96.74549999999999,107.2135,79.124,78.258,75.1855,88.989,70.705,77.2485,0.2733333333333333,0.30666666666666664,0.22666666666666666,0.22,0.20666666666666667,0.25333333333333335,0.19333333333333333,0.21333333333333335,
97.1005,88.2765,87.89,99.3065,77.5545,99.964,92.19049999999999,104.3675,0.28,0.24666666666666667,0.25333333333333335,0.28,0.22,0.2866666666666667,0.26666666666666666,0.29333333333333333,
88.839,93.49549999999999,100.651,90.26,92.11999999999999,107.9475,96.455,94.74,0.25333333333333335,0.26666666666666666,0.29333333333333333,0.26,0.26,0.30666666666666664,0.2733333333333333,0.2733333333333333,
75.5545,90.7715,73.724,119.21949999999998,80.81150000000001,78.228,80.9315,96.554,0.20666666666666667,0.26,0.21333333333333335,0.3466666666666667,0.22666666666666666,0.22,0.22666666666666666,0.28,
90.385,90.62399999999998,99.009,90.74250000000002,79.291,70.5025,107.513,91.726,0.25333333333333335,0.25333333333333335,0.28,0.25333333333333335,0.22666666666666666,0.19333333333333333,0.30666666666666664,0.26,
90.8175,107.392,84.481,99.983,110.132,83.37250000000002,102.43700000000001,70.745,0.26,0.30666666666666664,0.24,0.2866666666666667,0.31333333333333335,0.23333333333333334,0.29333333333333333,0.2,
82.1795,100.67099999999999,112.523,81.644,89.38649999999998,101.7895,87.2855,80.2675,0.23333333333333334,0.2866666666666667,0.32666666666666666,0.22666666666666666,0.25333333333333335,0.2866666666666667,0.24666666666666667,0.22666666666666666,
96.8685,91.976,67.63550000000001,107.9385,97.9485,85.854,85.156,80.384,0.2733333333333333,0.26666666666666666,0.18666666666666668,0.30666666666666664,0.28,0.24666666666666667,0.24,0.22666666666666666,
96.766,77.69800000000001,67.762,78.571,80.4505,106.59,97.5245,101.1675,0.2733333333333333,0.22,0.18666666666666668,0.22,0.22666666666666666,0.30666666666666664,0.28,0.2866666666666667,
87.202,103.077,106.3465,115.1795,66.8765,67.536,87.231,60.009499999999996,0.24666666666666667,0.3,0.30666666666666664,0.32666666666666666,0.18666666666666668,0.18666666666666668,0.24666666666666667,0.16,
99.571,90.184,68.0725,82.319,96.01050000000001,86.068,110.25,82.06550000000001,0.2866666666666667,0.25333333333333335,0.19333333333333333,0.23333333333333334,0.2733333333333333,0.24666666666666667,0.31333333333333335,0.23333333333333334,
91.129,85.0495,71.955,92.736,102.013,74.7565,92.0125,103.7355,0.25333333333333335,0.24,0.2,0.26666666666666666,0.2866666666666667,0.20666666666666667,0.26666666666666666,0.29333333333333333,
84.314,92.551,87.6155,68.25450000000001,82.0415,117.729,77.7305,99.9165,0.23333333333333334,0.26666666666666666,0.25333333333333335,0.19333333333333333,0.23333333333333334,0.3466666666666667,0.22,0.2866666666666667,
81.7995,84.845,98.2775,96.4815,77.33500000000001,83.43,100.5925,102.68100000000001,0.23333333333333334,0.24,0.28,0.2733333333333333,0.21333333333333335,0.23333333333333334,0.28,0.29333333333333333,
82.6365,73.937,93.214,81.099,84.653,99.42050000000002,104.503,76.5865,0.23333333333333334,0.21333333333333335,0.26,0.23333333333333334,0.24,0.28,0.3,0.21333333333333335,
75.7125,84.59200000000001,104.30099999999999,92.6845,81.0175,81.172,74.3195,86.3545,0.21333333333333335,0.24,0.3,0.26666666666666666,0.22666666666666666,0.22666666666666666,0.20666666666666667,0.24666666666666667,
88.6945,66.699,77.06500000000001,97.35849999999999,57.405,71.0115,88.3155,72.8495,0.25333333333333335,0.18666666666666668,0.22,0.2733333333333333,0.16,0.2,0.24666666666666667,0.20666666666666667,
87.1045,88.123,90.5685,107.8965,95.438,76.8775,61.629,96.24549999999999,0.24666666666666667,0.24666666666666667,0.25333333333333335,0.31333333333333335,0.2733333333333333,0.22,0.18,0.2733333333333333,
101.138,92.8785,98.65500000000002,106.99,88.08,103.424,81.3265,90.496,0.28,0.26,0.2733333333333333,0.30666666666666664,0.24666666666666667,0.29333333333333333,0.22666666666666666,0.25333333333333335,
91.768,85.3005,97.7775,65.311,96.40750000000001,78.943,74.457,102.41900000000001,0.26,0.24,0.28,0.18,0.2733333333333333,0.22,0.21333333333333335,0.29333333333333333,
80.345,106.3995,78.3215,74.9435,99.39750000000001,108.842,93.3295,83.5015,0.22666666666666666,0.30666666666666664,0.22,0.20666666666666667,0.28,0.32,0.26,0.23333333333333334,
103.4,101.715,96.01050000000001,93.518,78.5,91.14599999999999,95.092,85.7885,0.3,0.29333333333333333,0.2733333333333333,0.26,0.22,0.26,0.26666666666666666,0.24,
92.90300000000002,86.2415,88.627,78.447,91.737,79.1665,86.31650000000002,94.156,0.26666666666666666,0.25333333333333335,0.24666666666666667,0.22,0.26,0.22666666666666666,0.24666666666666667,0.26666666666666666,
78.05700000000002,80.86349999999999,93.86349999999999,87.161,72.3205,83.309,79.6775,87.18800000000002,0.22,0.22666666666666666,0.2733333333333333,0.24666666666666667,0.2,0.23333333333333334,0.22666666666666666,0.24666666666666667,
87.037,93.0725,96.6685,102.22749999999999,91.6265,87.9445,95.18899999999998,82.4695,0.24666666666666667,0.26666666666666666,0.2733333333333333,0.2866666666666667,0.26666666666666666,0.24666666666666667,0.2733333333333333,0.23333333333333334,
101.39150000000001,72.219,87.09,83.924,78.43299999999999,82.01400000000001,71.9665,79.515,0.2866666666666667,0.2,0.25333333333333335,0.24,0.22,0.22666666666666666,0.2,0.22,
89.604,72.175,78.0825,88.838,58.403999999999996,74.515,70.1665,84.92300000000002,0.24666666666666667,0.20666666666666667,0.22,0.25333333333333335,0.16666666666666666,0.20666666666666667,0.19333333333333333,0.24,
80.626,82.897,78.693,104.8995,94.737,64.8625,65.059,93.96750000000002,0.22666666666666666,0.23333333333333334,0.22666666666666666,0.3,0.26666666666666666,0.18,0.18,0.26666666666666666,
83.3675,72.564,92.0325,85.149,125.136,97.4915,99.28999999999999,95.175,0.24,0.20666666666666667,0.26,0.24,0.36,0.28,0.2866666666666667,0.26666666666666666,
111.37699999999998,100.489,84.7285,113.1745,98.788,104.5495,99.081,94.1725,0.31333333333333335,0.2866666666666667,0.24,0.32,0.28,0.3,0.2866666666666667,0.2733333333333333,
98.15050000000001,64.669,93.93,96.0375,98.5355,81.9025,84.1055,91.1765,0.28,0.18,0.26666666666666666,0.2733333333333333,0.28,0.22666666666666666,0.23333333333333334,0.26,
69.6165,70.6955,90.929,74.747,95.006,86.73599999999999,93.53,107.2615,0.19333333333333333,0.20666666666666667,0.26,0.20666666666666667,0.2733333333333333,0.24666666666666667,0.26,0.30666666666666664,
66.265,72.8695,99.9885,64.7755,101.266,92.7005,89.92599999999999,70.0035,0.18666666666666668,0.20666666666666667,0.28,0.18666666666666668,0.2866666666666667,0.26,0.25333333333333335,0.2,
73.701,81.8275,96.472,105.5355,68.88,97.7525,71.059,97.2925,0.20666666666666667,0.22666666666666666,0.2733333333333333,0.3,0.19333333333333333,0.28,0.19333333333333333,0.2733333333333333,
90.8115,84.428,93.6985,77.268,95.277,103.7925,58.2695,67.3055,0.25333333333333335,0.24,0.26666666666666666,0.21333333333333335,0.26666666666666666,0.2866666666666667,0.16,0.18666666666666668,
96.75799999999998,101.39199999999998,82.2815,86.8585,84.1165,101.6905,99.414,80.3545,0.28,0.29333333333333333,0.24,0.24666666666666667,0.24666666666666667,0.29333333333333333,0.28,0.23333333333333334,
86.0645,74.38550000000001,78.4065,77.284,103.5455,97.8275,72.0955,76.047,0.24666666666666667,0.21333333333333335,0.22,0.21333333333333335,0.3,0.28,0.2,0.21333333333333335,
60.763,84.354,90.7015,97.307,71.055,68.9335,75.1555,101.42400000000002,0.16666666666666666,0.24,0.26,0.2866666666666667,0.2,0.18666666666666668,0.20666666666666667,0.2866666666666667,
104.64900000000002,82.7925,72.643,89.207,85.72749999999998,101.6955,78.737,69.195,0.30666666666666664,0.23333333333333334,0.20666666666666667,0.25333333333333335,0.24666666666666667,0.29333333333333333,0.22666666666666666,0.19333333333333333,
88.4045,89.78599999999999,86.9525,69.7115,90.994,126.5445,73.9485,91.8885,0.25333333333333335,0.25333333333333335,0.24666666666666667,0.19333333333333333,0.26,0.36666666666666664,0.20666666666666667,0.26,
87.461,51.0325,83.853,82.875,88.472,98.734,88.55199999999999,100.047,0.24666666666666667,0.14,0.24,0.23333333333333334,0.24666666666666667,0.28,0.25333333333333335,0.2866666666666667,
90.0785,69.477,102.3215,82.8025,86.804,96.0725,82.5325,94.2845,0.25333333333333335,0.19333333333333333,0.2866666666666667,0.23333333333333334,0.24666666666666667,0.2733333333333333,0.23333333333333334,0.26666666666666666,
107.706,94.216,91.49200000000002,90.4325,95.61449999999999,91.17900000000002,102.056,106.8535,0.30666666666666664,0.26666666666666666,0.25333333333333335,0.26,0.26666666666666666,0.25333333333333335,0.29333333333333333,0.30666666666666664,
92.9725,109.1945,88.0985,79.398,88.622,106.246,109.19700000000002,88.075,0.26,0.31333333333333335,0.25333333333333335,0.22,0.25333333333333335,0.30666666666666664,0.31333333333333335,0.25333333333333335,
94.976,87.966,76.49000000000001,100.4175,86.0195,94.22949999999999,94.8535,82.6985,0.2733333333333333,0.25333333333333335,0.21333333333333335,0.2866666666666667,0.24,0.26666666666666666,0.26666666666666666,0.23333333333333334,
93.18250000000002,74.8475,101.26899999999999,94.0675,109.969,84.94800000000001,116.2565,87.6725,0.26666666666666666,0.21333333333333335,0.29333333333333333,0.26666666666666666,0.31333333333333335,0.24,0.3333333333333333,0.25333333333333335,
92.455,117.9155,90.2705,95.4485,89.244,71.602,74.2365,76.575,0.26666666666666666,0.34,0.25333333333333335,0.2733333333333333,0.25333333333333335,0.2,0.20666666666666667,0.22,
90.188,105.916,94.636,90.90199999999999,97.2375,87.5575,97.029,84.436,0.26,0.3,0.2733333333333333,0.26,0.2733333333333333,0.24666666666666667,0.2733333333333333,0.24,
102.76849999999999,103.5535,104.695,98.29599999999999,92.315,95.3425,99.534,91.82449999999999,0.29333333333333333,0.29333333333333333,0.3,0.28,0.26,0.26666666666666666,0.28,0.26,
83.6605,83.8865,108.3545,88.719,75.64150000000001,106.157,76.075,101.6615,0.24,0.23333333333333334,0.31333333333333335,0.25333333333333335,0.20666666666666667,0.3,0.22,0.29333333333333333,
102.3745,93.285,103.7285,109.734,96.367,93.11399999999999,87.408,76.932,0.29333333333333333,0.26,0.29333333333333333,0.31333333333333335,0.2733333333333333,0.26666666666666666,0.24666666666666667,0.22,
96.633,87.90400000000001,97.6055,95.404,106.11349999999999,84.608,89.4055,85.939,0.28,0.25333333333333335,0.28,0.2733333333333333,0.3,0.24,0.25333333333333335,0.24666666666666667,
99.4705,98.004,92.0925,115.20900000000002,99.78699999999999,92.983,82.389,113.1805,0.2866666666666667,0.28,0.26666666666666666,0.3333333333333333,0.29333333333333333,0.26666666666666666,0.23333333333333334,0.32666666666666666,
110.962,72.0635,103.7185,101.2265,85.031,86.0265,103.199,89.199,0.32,0.20666666666666667,0.29333333333333333,0.2866666666666667,0.24666666666666667,0.24,0.2866666666666667,0.25333333333333335,
106.3275,101.3865,83.797,130.5285,96.7795,89.602,76.342,109.23249999999999,0.30666666666666664,0.2866666666666667,0.24,0.37333333333333335,0.2733333333333333,0.25333333333333335,0.21333333333333335,0.31333333333333335,
112.957,108.8015,96.4165,97.356,117.4275,98.81700000000001,99.69200000000001,85.5085,0.32666666666666666,0.30666666666666664,0.2733333333333333,0.28,0.34,0.2866666666666667,0.28,0.24,
79.453,129.082,102.07849999999999,122.679,93.524,95.1315,82.4075,82.009,0.22666666666666666,0.37333333333333335,0.2866666666666667,0.35333333333333333,0.26666666666666666,0.2733333333333333,0.23333333333333334,0.22666666666666666,
85.873,118.127,133.081,91.108,100.673,90.7835,95.461,68.159,0.24,0.3333333333333333,0.38666666666666666,0.26666666666666666,0.2866666666666667,0.26,0.2733333333333333,0.18666666666666668,
96.694,114.937,109.469,106.107,105.657,103.775,91.8565,119.93349999999998,0.2733333333333333,0.32666666666666666,0.31333333333333335,0.3,0.3,0.3,0.26,0.34,
77.9655,129.3305,94.0405,104.54649999999998,93.40900000000002,94.73949999999999,84.0565,97.2,0.22,0.36666666666666664,0.26666666666666666,0.3,0.26666666666666666,0.26666666666666666,0.23333333333333334,0.28,
72.819,83.5525,99.5745,101.735,81.12699999999998,97.0155,90.197,99.638,0.20666666666666667,0.24,0.28,0.29333333333333333,0.23333333333333334,0.2733333333333333,0.25333333333333335,0.28,
123.296,113.236,107.18,85.767,90.04700000000001,122.72049999999999,97.75149999999998,105.80049999999999,0.35333333333333333,0.32,0.3,0.24,0.25333333333333335,0.35333333333333333,0.28,0.30666666666666664,
94.67699999999999,91.289,86.989,78.334,91.788,113.123,87.3,90.5545,0.26666666666666666,0.26,0.24666666666666667,0.22666666666666666,0.26666666666666666,0.32666666666666666,0.24666666666666667,0.25333333333333335,
113.24,83.045,95.8185,109.156,99.741,125.82849999999999,99.472,65.889,0.32,0.23333333333333334,0.2733333333333333,0.30666666666666664,0.2866666666666667,0.36,0.2866666666666667,0.18666666666666668,
98.857,120.08700000000002,119.748,100.6445,101.4185,100.934,84.72,106.7785,0.28,0.34,0.34,0.2866666666666667,0.2866666666666667,0.28,0.24,0.30666666666666664,
112.258,99.179,116.18699999999998,94.99649999999998,89.23949999999999,80.4755,89.99449999999999,87.8125,0.32666666666666666,0.2866666666666667,0.32666666666666666,0.26666666666666666,0.24666666666666667,0.22666666666666666,0.25333333333333335,0.24666666666666667,
103.6605,100.875,92.431,99.65,73.688,89.392,92.458,98.79450000000001,0.3,0.2866666666666667,0.26,0.28,0.2,0.25333333333333335,0.26,0.2866666666666667,
76.395,107.522,108.89699999999999,83.554,90.6465,90.226,112.38749999999999,65.11449999999999,0.21333333333333335,0.30666666666666664,0.30666666666666664,0.24,0.26,0.26,0.32,0.18,
90.725,98.3165,79.3205,116.44699999999999,118.0735,85.05,129.9975,108.79749999999999,0.26,0.28,0.22,0.34,0.32666666666666666,0.24666666666666667,0.38,0.31333333333333335,
91.6525,87.689,100.55799999999999,92.14,82.13499999999999,101.4375,113.4095,96.661,0.26,0.24666666666666667,0.28,0.26,0.24,0.29333333333333333,0.32666666666666666,0.2733333333333333,
105.7885,130.971,93.45400000000001,96.723,98.658,90.908,101.1755,95.559,0.30666666666666664,0.37333333333333335,0.26666666666666666,0.28,0.28,0.25333333333333335,0.2866666666666667,0.2733333333333333,
90.1435,108.616,112.4285,128.305,127.30799999999999,96.838,117.71849999999999,103.95250000000001,0.24666666666666667,0.30666666666666664,0.32,0.36666666666666664,0.36,0.2733333333333333,0.34,0.29333333333333333,
106.699,110.17,107.424,102.5975,122.59649999999999,107.3425,100.428,88.35699999999999,0.3,0.31333333333333335,0.30666666666666664,0.29333333333333333,0.35333333333333333,0.3,0.28,0.25333333333333335,
113.29399999999998,120.248,92.34700000000001,85.27,96.235,117.273,96.694,137.04500000000002,0.32666666666666666,0.3466666666666667,0.26,0.24,0.2733333333333333,0.3333333333333333,0.2733333333333333,0.3933333333333333,
100.2365,122.7225,120.1465,128.0605,100.1355,95.093,73.821,82.975,0.28,0.35333333333333333,0.34,0.36666666666666664,0.2866666666666667,0.26666666666666666,0.20666666666666667,0.23333333333333334,
149.7165,132.677,99.777,123.1755,101.693,107.9735,133.305,113.6325,0.4266666666666667,0.38,0.2866666666666667,0.3466666666666667,0.29333333333333333,0.30666666666666664,0.38,0.3333333333333333,
94.689,108.1425,132.7225,94.523,117.348,113.515,114.543,101.569,0.26666666666666666,0.3,0.38,0.26666666666666666,0.3333333333333333,0.32,0.3333333333333333,0.2866666666666667,
107.38,127.714,113.9135,85.4085,101.9995,109.59999999999998,101.509,101.6945,0.3,0.36666666666666664,0.32,0.24,0.29333333333333333,0.31333333333333335,0.2866666666666667,0.2866666666666667,
78.00649999999999,85.1965,124.33449999999999,88.4875,97.3295,99.6735,82.1855,133.63,0.22,0.23333333333333334,0.35333333333333333,0.25333333333333335,0.2733333333333333,0.28,0.22666666666666666,0.38,
106.0155,111.878,98.501,111.465,111.093,121.033,115.285,114.7,0.3,0.32,0.28,0.31333333333333335,0.31333333333333335,0.34,0.3333333333333333,0.32666666666666666,
123.719,92.916,139.2725,90.316,94.549,110.07049999999998,107.614,109.446,0.3466666666666667,0.26,0.4,0.25333333333333335,0.2733333333333333,0.31333333333333335,0.30666666666666664,0.31333333333333335,
81.914,95.8725,117.2175,79.718,97.176,100.895,84.9555,105.439,0.23333333333333334,0.26666666666666666,0.3333333333333333,0.22666666666666666,0.2733333333333333,0.2866666666666667,0.24,0.3,
121.044,119.2855,87.5005,85.5415,103.026,96.19700000000002,116.32400000000001,114.487,0.34,0.3333333333333333,0.24666666666666667,0.24,0.3,0.2733333333333333,0.3333333333333333,0.32,
108.55300000000001,128.0235,98.68,107.0055,97.554,123.22800000000001,85.51500000000001,126.5275,0.30666666666666664,0.36,0.2866666666666667,0.3,0.2733333333333333,0.3466666666666667,0.23333333333333334,0.35333333333333333,
104.925,112.937,89.7115,121.32549999999999,92.466,120.6325,115.406,111.08049999999999,0.3,0.32,0.26,0.3466666666666667,0.26,0.3466666666666667,0.32666666666666666,0.31333333333333335,
122.74549999999999,94.6225,120.862,103.6805,138.336,109.6575,101.162,106.8655,0.3466666666666667,0.2733333333333333,0.34,0.29333333333333333,0.3933333333333333,0.30666666666666664,0.2866666666666667,0.3,
96.1,113.47200000000001,134.0385,89.59,126.457,107.42150000000001,101.72200000000001,96.757,0.2733333333333333,0.32,0.38,0.25333333333333335,0.36,0.3,0.2866666666666667,0.2733333333333333,
126.539,131.098,136.5135,86.913,123.988,143.5405,108.08,117.382,0.36,0.37333333333333335,0.3933333333333333,0.24666666666666667,0.36,0.41333333333333333,0.30666666666666664,0.3333333333333333,
132.01,100.01,90.06,111.1865,100.518,119.369,118.8745,117.358,0.38,0.2866666666666667,0.25333333333333335,0.31333333333333335,0.28,0.34,0.34,0.3333333333333333,
94.1845,105.6385,112.49,112.9925,87.27600000000001,107.362,101.1825,102.4265,0.26666666666666666,0.29333333333333333,0.32,0.32,0.24666666666666667,0.31333333333333335,0.2866666666666667,0.29333333333333333,
121.533,124.1125,123.4535,114.813,116.765,104.729,104.07,100.006,0.3466666666666667,0.35333333333333333,0.35333333333333333,0.32666666666666666,0.3333333333333333,0.29333333333333333,0.29333333333333333,0.28,
130.8525,103.0925,131.5025,94.1985,100.5395,99.446,142.0485,118.03,0.37333333333333335,0.3,0.37333333333333335,0.26666666666666666,0.2866666666666667,0.28,0.4066666666666667,0.34,
98.738,120.4785,104.4525,108.16,121.3515,113.4025,131.694,145.8435,0.2733333333333333,0.34,0.3,0.30666666666666664,0.3466666666666667,0.32,0.38,0.42,
108.871,118.6165,115.3925,131.845,115.2535,105.461,105.4965,99.6365,0.30666666666666664,0.34,0.32666666666666666,0.38,0.32666666666666666,0.3,0.3,0.28,
116.157,127.3365,117.979,113.5515,110.03399999999999,131.4015,140.5105,96.30349999999999,0.3333333333333333,0.36666666666666664,0.34,0.32666666666666666,0.31333333333333335,0.37333333333333335,0.4,0.2733333333333333,
125.207,108.0645,114.517,107.64,123.098,118.36349999999999,104.6985,125.883,0.36,0.30666666666666664,0.32666666666666666,0.3,0.35333333333333333,0.34,0.3,0.36666666666666664,
98.024,131.3055,116.59700000000001,116.8875,100.2525,97.1365,130.375,111.53100000000002,0.28,0.37333333333333335,0.3333333333333333,0.3333333333333333,0.28,0.2733333333333333,0.37333333333333335,0.32,
106.018,122.8235,110.2225,104.2865,121.91,88.324,116.47800000000001,106.89849999999998,0.30666666666666664,0.3466666666666667,0.31333333333333335,0.3,0.3466666666666667,0.25333333333333335,0.32666666666666666,0.3,
95.0945,96.9265,93.5655,105.5125,126.9635,107.69200000000001,101.4935,123.9265,0.26666666666666666,0.2733333333333333,0.26,0.3,0.36666666666666664,0.30666666666666664,0.2866666666666667,0.35333333333333333,
76.8455,98.74,101.872,107.85600000000001,98.702,86.26,92.287,102.108,0.22,0.2866666666666667,0.2866666666666667,0.30666666666666664,0.28,0.24,0.26666666666666666,0.29333333333333333,
100.9055,95.2235,107.988,129.443,80.441,116.13300000000001,120.5205,131.806,0.2866666666666667,0.2733333333333333,0.30666666666666664,0.37333333333333335,0.22,0.32666666666666666,0.34,0.38666666666666666,
106.981,98.336,108.064,112.27850000000001,117.3235,109.7445,115.7205,107.0805,0.3,0.2733333333333333,0.31333333333333335,0.32,0.32666666666666666,0.31333333333333335,0.32,0.3,
130.4775,136.9205,128.88,80.539,102.564,145.23250000000002,94.741,90.4455,0.37333333333333335,0.3933333333333333,0.36666666666666664,0.22666666666666666,0.2866666666666667,0.41333333333333333,0.26666666666666666,0.25333333333333335,
130.147,100.63550000000001,126.459,96.938,110.0925,132.66,91.2065,92.3935,0.37333333333333335,0.28,0.36,0.2733333333333333,0.30666666666666664,0.38,0.25333333333333335,0.26,
113.10299999999998,97.76599999999999,117.957,130.7305,104.51149999999998,119.3325,82.71,99.268,0.32666666666666666,0.2733333333333333,0.3333333333333333,0.37333333333333335,0.29333333333333333,0.34,0.23333333333333334,0.28,
88.38,95.03049999999999,114.1945,115.267,109.30299999999998,114.9065,123.615,114.749,0.25333333333333335,0.26666666666666666,0.32666666666666666,0.32666666666666666,0.30666666666666664,0.32666666666666666,0.3466666666666667,0.32666666666666666,
126.316,131.3745,117.1305,115.8615,119.467,118.878,82.551,113.7295,0.36,0.37333333333333335,0.3333333333333333,0.3333333333333333,0.34,0.34,0.23333333333333334,0.32,
123.61449999999999,127.586,119.9505,129.816,104.628,100.12950000000001,114.2765,99.729,0.35333333333333333,0.36,0.34,0.37333333333333335,0.3,0.28,0.32,0.28,
99.81,101.86050000000002,89.61200000000001,109.6445,87.986,119.4445,100.4885,78.9055,0.28,0.2866666666666667,0.25333333333333335,0.31333333333333335,0.24666666666666667,0.34,0.28,0.21333333333333335,
121.936,116.09649999999999,116.4235,119.1425,111.8415,125.84099999999998,120.338,95.305,0.35333333333333333,0.3333333333333333,0.32666666666666666,0.34,0.32,0.36666666666666664,0.34,0.2733333333333333,
96.07699999999998,104.569,136.835,108.08250000000001,119.83500000000001,148.569,117.065,117.56,0.26666666666666666,0.3,0.38666666666666666,0.30666666666666664,0.3466666666666667,0.4266666666666667,0.3333333333333333,0.32666666666666666,
115.6685,134.886,99.7915,106.07800000000002,103.1625,113.9615,104.0185,118.9935,0.32666666666666666,0.38666666666666666,0.2866666666666667,0.3,0.2866666666666667,0.32666666666666666,0.3,0.3333333333333333,
106.2415,112.27,112.71750000000002,98.071,120.553,120.185,143.851,115.99399999999999,0.3,0.31333333333333335,0.32666666666666666,0.2733333333333333,0.3466666666666667,0.34,0.41333333333333333,0.3333333333333333,
94.879,101.6515,113.394,114.0395,117.9765,134.57150000000001,100.176,106.06199999999998,0.26666666666666666,0.28,0.32,0.32,0.3333333333333333,0.38666666666666666,0.28,0.3,
117.434,111.056,86.71900000000001,133.7925,139.1215,119.0125,126.0635,116.649,0.3333333333333333,0.31333333333333335,0.24666666666666667,0.38666666666666666,0.4,0.34,0.36,0.3333333333333333,
118.7435,126.754,95.0585,103.346,99.8255,137.1005,98.7895,130.95,0.34,0.36,0.26666666666666666,0.29333333333333333,0.28,0.3933333333333333,0.28,0.37333333333333335,
97.45299999999999,115.568,116.46400000000001,117.462,96.6815,113.88400000000001,130.598,112.2535,0.2733333333333333,0.32666666666666666,0.3333333333333333,0.3333333333333333,0.2733333333333333,0.32666666666666666,0.37333333333333335,0.31333333333333335,
100.81649999999999,126.4755,103.668,111.21950000000001,124.83449999999999,80.9085,117.2705,88.9575,0.28,0.36,0.29333333333333333,0.31333333333333335,0.36,0.22666666666666666,0.32666666666666666,0.25333333333333335,
97.316,104.54300000000002,105.1705,106.6165,111.37500000000001,123.27749999999999,81.73949999999999,118.9995,0.2733333333333333,0.29333333333333333,0.29333333333333333,0.30666666666666664,0.31333333333333335,0.3466666666666667,0.22666666666666666,0.3333333333333333,
98.20050000000002,117.4175,116.3455,104.158,126.115,102.934,107.098,126.2245,0.28,0.3333333333333333,0.3333333333333333,0.29333333333333333,0.36,0.29333333333333333,0.3,0.35333333333333333,
122.75400000000002,116.6805,122.682,125.1005,132.3495,118.219,98.1625,110.8265,0.3466666666666667,0.32666666666666666,0.3466666666666667,0.35333333333333333,0.38,0.34,0.28,0.31333333333333335,
125.295,127.84049999999999,126.3125,105.77199999999999,101.3845,111.85,124.9805,133.938,0.35333333333333333,0.36666666666666664,0.36,0.29333333333333333,0.28,0.31333333333333335,0.35333333333333333,0.38666666666666666,
114.131,106.3125,84.5325,119.7285,100.2045,93.527,129.9385,108.387,0.3333333333333333,0.3,0.24,0.34,0.28,0.26666666666666666,0.37333333333333335,0.30666666666666664,
97.41799999999999,136.79500000000002,114.8155,81.7595,129.38,128.95499999999998,77.179,119.2425,0.2733333333333333,0.38666666666666666,0.32666666666666666,0.23333333333333334,0.37333333333333335,0.37333333333333335,0.21333333333333335,0.34,
114.869,107.1535,126.805,110.6425,143.95499999999998,84.1435,88.3965,103.756,0.32666666666666666,0.30666666666666664,0.36,0.32,0.41333333333333333,0.23333333333333334,0.24666666666666667,0.29333333333333333,
118.447,126.702,123.5835,112.9325,120.1035,96.0865,128.859,135.0655,0.3333333333333333,0.36,0.3466666666666667,0.32666666666666666,0.3466666666666667,0.26666666666666666,0.36666666666666664,0.38666666666666666,
108.4935,114.8165,124.63899999999998,129.3895,114.168,131.4555,114.7025,105.8325,0.3,0.32666666666666666,0.35333333333333333,0.36666666666666664,0.32,0.37333333333333335,0.32,0.3,
119.971,110.7365,125.061,133.076,103.4685,110.689,120.6725,148.4735,0.34,0.31333333333333335,0.35333333333333333,0.38,0.29333333333333333,0.31333333333333335,0.3466666666666667,0.42,
117.12950000000001,117.852,89.4935,136.263,144.3985,95.206,144.712,121.3545,0.3333333333333333,0.3333333333333333,0.25333333333333335,0.3933333333333333,0.41333333333333333,0.26666666666666666,0.42,0.34,
111.9255,146.2765,103.4905,97.9395,117.213,128.452,113.04999999999998,111.3005,0.32,0.42,0.29333333333333333,0.28,0.3333333333333333,0.36,0.32,0.31333333333333335,
98.2355,107.97749999999999,108.1385,120.746,112.4825,119.32249999999999,136.9625,110.6485,0.2733333333333333,0.30666666666666664,0.3,0.34,0.32,0.3333333333333333,0.3933333333333333,0.32,
137.4205,111.8005,124.6005,114.19200000000001,108.8775,120.94349999999999,101.9875,96.139,0.3933333333333333,0.31333333333333335,0.35333333333333333,0.32,0.3,0.34,0.2866666666666667,0.26666666666666666,
86.07,122.193,121.05199999999999,99.469,114.34049999999998,128.826,108.738,126.006,0.23333333333333334,0.3466666666666667,0.3466666666666667,0.28,0.32666666666666666,0.36,0.30666666666666664,0.35333333333333333,
138.6945,115.47200000000001,117.363,119.0635,135.352,107.54150000000001,119.6865,125.322,0.3933333333333333,0.32666666666666666,0.3333333333333333,0.34,0.38666666666666666,0.30666666666666664,0.34,0.36,
128.534,136.9985,130.374,122.2085,147.303,87.11949999999999,105.9625,107.84649999999999,0.36666666666666664,0.3933333333333333,0.37333333333333335,0.3466666666666667,0.42,0.24,0.29333333333333333,0.3,
135.558,97.0645,99.6885,125.6375,135.089,100.161,110.868,93.887,0.38666666666666666,0.28,0.2866666666666667,0.35333333333333333,0.38666666666666666,0.28,0.31333333333333335,0.26,
111.3625,103.5815,90.95250000000001,85.87,136.85,107.3425,104.6055,126.2355,0.30666666666666664,0.2866666666666667,0.25333333333333335,0.24,0.3933333333333333,0.30666666666666664,0.2866666666666667,0.36,
106.0925,126.44949999999999,116.30199999999999,109.5695,100.992,150.3245,120.588,108.882,0.30666666666666664,0.36,0.3333333333333333,0.30666666666666664,0.28,0.4266666666666667,0.34,0.31333333333333335,
100.85050000000001,92.8505,94.033,93.3335,105.73400000000001,138.462,123.6465,110.471,0.2866666666666667,0.26666666666666666,0.26666666666666666,0.26666666666666666,0.29333333333333333,0.3933333333333333,0.35333333333333333,0.30666666666666664,
110.618,95.256,122.613,103.235,80.489,136.5925,122.80650000000001,124.95000000000002,0.31333333333333335,0.26666666666666666,0.34,0.29333333333333333,0.22666666666666666,0.3933333333333333,0.3466666666666667,0.35333333333333333,
114.649,121.26599999999999,142.92849999999999,143.206,112.5395,126.58949999999999,98.21999999999998,92.53399999999999,0.32666666666666666,0.3466666666666667,0.4066666666666667,0.4066666666666667,0.32,0.36,0.2733333333333333,0.25333333333333335,
119.7865,116.363,124.066,121.01150000000001,112.566,133.0485,123.0775,129.2335,0.34,0.32666666666666666,0.35333333333333333,0.3466666666666667,0.31333333333333335,0.37333333333333335,0.3466666666666667,0.36666666666666664,
112.1325,116.7375,113.0945,117.38749999999999,109.023,132.439,105.857,111.84700000000001,0.31333333333333335,0.32666666666666666,0.32,0.3333333333333333,0.30666666666666664,0.38,0.29333333333333333,0.32,
106.686,142.3105,105.784,104.97749999999999,99.3945,109.38999999999999,118.97149999999999,106.5595,0.3,0.4066666666666667,0.3,0.29333333333333333,0.2866666666666667,0.30666666666666664,0.3333333333333333,0.29333333333333333,
106.77499999999999,124.7465,117.51149999999998,147.3745,141.6445,104.92699999999999,112.764,102.4675,0.30666666666666664,0.35333333333333333,0.3333333333333333,0.42,0.4066666666666667,0.3,0.32,0.29333333333333333,
107.28049999999999,115.125,131.0795,111.871,115.102,112.811,103.72649999999999,110.825,0.30666666666666664,0.32666666666666666,0.37333333333333335,0.32,0.32666666666666666,0.32,0.29333333333333333,0.30666666666666664,
126.539,109.5385,101.784,106.09100000000001,120.476,113.368,129.8865,105.163,0.36,0.30666666666666664,0.2866666666666667,0.29333333333333333,0.34,0.32,0.36666666666666664,0.29333333333333333,
111.0055,102.80199999999999,99.78699999999999,88.56749999999998,104.367,124.063,115.003,108.6485,0.31333333333333335,0.29333333333333333,0.28,0.25333333333333335,0.29333333333333333,0.35333333333333333,0.32,0.30666666666666664,
112.94500000000001,126.036,129.989,120.913,102.747,117.30249999999998,103.861,119.7715,0.32,0.35333333333333333,0.37333333333333335,0.3466666666666667,0.2866666666666667,0.3333333333333333,0.29333333333333333,0.34,
104.77100000000002,82.688,111.474,112.3605,115.9305,108.316,73.459,107.116,0.29333333333333333,0.23333333333333334,0.32,0.31333333333333335,0.32666666666666666,0.3,0.2,0.3,
110.5815,124.5075,121.785,117.3895,101.989,145.7305,121.8205,84.48849999999999,0.30666666666666664,0.35333333333333333,0.3466666666666667,0.3333333333333333,0.2866666666666667,0.41333333333333333,0.3466666666666667,0.24,
112.467,113.01449999999998,104.2105,109.0775,111.5595,88.685,108.904,98.51599999999999,0.31333333333333335,0.32,0.29333333333333333,0.31333333333333335,0.32,0.24666666666666667,0.30666666666666664,0.2733333333333333,
95.8575,96.9185,96.971,119.11499999999998,74.94800000000001,107.634,128.8745,113.7205,0.26666666666666666,0.2733333333333333,0.2733333333333333,0.34,0.21333333333333335,0.3,0.36666666666666664,0.32,
93.8415,103.0515,98.81099999999999,129.446,122.51650000000001,114.2375,116.0425,123.8835,0.26666666666666666,0.29333333333333333,0.28,0.36666666666666664,0.35333333333333333,0.32666666666666666,0.32666666666666666,0.35333333333333333,
101.9355,101.39099999999999,104.3115,105.577,107.759,107.51650000000001,121.51,115.3035,0.2866666666666667,0.28,0.29333333333333333,0.29333333333333333,0.3,0.30666666666666664,0.3466666666666667,0.32666666666666666,
102.3175,109.053,111.666,103.02949999999998,114.1805,109.4905,116.0865,128.0025,0.2866666666666667,0.30666666666666664,0.31333333333333335,0.29333333333333333,0.32,0.31333333333333335,0.32666666666666666,0.36666666666666664,
124.217,118.1465,117.061,110.9035,116.542,96.84200000000001,107.1945,116.5195,0.35333333333333333,0.3333333333333333,0.3333333333333333,0.32,0.32666666666666666,0.2733333333333333,0.3,0.3333333333333333,
126.996,84.97649999999999,83.353,109.572,108.2105,125.736,126.3285,115.3195,0.36,0.24,0.22666666666666666,0.31333333333333335,0.30666666666666664,0.36,0.36,0.32666666666666666,
106.27000000000001,106.00850000000001,110.7945,109.1495,115.7635,92.4935,118.20349999999999,97.255,0.3,0.29333333333333333,0.30666666666666664,0.31333333333333335,0.32666666666666666,0.26,0.3333333333333333,0.2733333333333333,
142.195,130.407,103.234,117.93299999999999,95.366,123.10849999999999,102.3895,106.9585,0.4066666666666667,0.36666666666666664,0.29333333333333333,0.3333333333333333,0.26666666666666666,0.3466666666666667,0.29333333333333333,0.3,
110.281,85.27100000000002,111.371,125.7915,121.7525,114.68550000000002,108.033,124.21549999999999,0.30666666666666664,0.24,0.30666666666666664,0.35333333333333333,0.34,0.32666666666666666,0.30666666666666664,0.35333333333333333,
129.8715,148.5475,106.67000000000002,142.6565,141.3175,121.3825,109.3155,103.133,0.36666666666666664,0.4266666666666667,0.29333333333333333,0.4066666666666667,0.4066666666666667,0.34,0.30666666666666664,0.2866666666666667,
112.094,120.6615,114.745,120.4615,116.4975,117.559,154.528,120.8075,0.31333333333333335,0.34,0.32,0.3466666666666667,0.3333333333333333,0.3333333333333333,0.44666666666666666,0.3466666666666667,
110.5865,112.36850000000001,102.9735,126.8805,114.0,122.6035,126.2595,121.71099999999998,0.31333333333333335,0.32,0.2866666666666667,0.36,0.32,0.3466666666666667,0.36,0.3466666666666667,
121.84100000000001,113.4615,116.5265,117.714,123.04599999999999,121.561,100.386,128.22,0.3466666666666667,0.32,0.32666666666666666,0.3333333333333333,0.3466666666666667,0.34,0.2866666666666667,0.36,
143.913,136.3705,97.128,124.8025,135.44650000000001,104.22800000000001,142.6305,119.96650000000001,0.41333333333333333,0.38666666666666666,0.2733333333333333,0.35333333333333333,0.38,0.29333333333333333,0.41333333333333333,0.34,
106.467,146.73250000000002,98.343,127.3325,133.422,119.2135,126.34549999999999,132.3475,0.29333333333333333,0.42,0.28,0.36,0.37333333333333335,0.34,0.36,0.38,
126.1605,103.724,114.178,131.065,132.537,140.691,128.1125,126.39649999999999,0.36,0.29333333333333333,0.32,0.37333333333333335,0.37333333333333335,0.4,0.36,0.36,
112.8315,115.66349999999998,113.337,110.3825,127.7055,126.10099999999998,105.86900000000001,116.9855,0.32,0.32666666666666666,0.32,0.31333333333333335,0.36,0.36,0.3,0.3333333333333333,
128.966,120.2655,120.588,122.538,115.15600000000002,125.29800000000002,115.749,100.1775,0.36666666666666664,0.34,0.34,0.3466666666666667,0.32666666666666666,0.35333333333333333,0.32666666666666666,0.28,
116.68299999999999,100.355,131.085,113.493,109.645,105.2675,122.2415,109.975,0.32666666666666666,0.2866666666666667,0.37333333333333335,0.32,0.30666666666666664,0.29333333333333333,0.3466666666666667,0.30666666666666664,
121.1035,122.6345,100.13849999999998,126.5625,108.008,122.6955,124.362,113.3195,0.3466666666666667,0.3466666666666667,0.28,0.36,0.30666666666666664,0.3466666666666667,0.3466666666666667,0.32,
127.64699999999999,109.4125,98.09,149.175,110.8725,117.717,109.368,115.6885,0.36,0.31333333333333335,0.26666666666666666,0.4266666666666667,0.31333333333333335,0.3333333333333333,0.30666666666666664,0.32666666666666666,
95.23349999999999,100.17099999999999,131.793,93.5375,114.154,123.03399999999999,115.5325,96.66,0.26666666666666666,0.28,0.37333333333333335,0.26666666666666666,0.32666666666666666,0.3466666666666667,0.32666666666666666,0.2733333333333333,
114.5175,113.37049999999999,133.98250000000002,134.5505,122.4685,114.2935,133.4055,104.70400000000001,0.32666666666666666,0.32,0.38,0.38666666666666666,0.3466666666666667,0.32,0.38,0.29333333333333333,
126.51050000000001,109.631,110.24549999999998,106.1055,125.48949999999999,114.892,105.4705,105.0635,0.36,0.31333333333333335,0.30666666666666664,0.29333333333333333,0.35333333333333333,0.32666666666666666,0.29333333333333333,0.29333333333333333,
110.545,95.3065,105.1065,117.27199999999999,119.8475,102.41900000000001,88.3685,110.6975,0.30666666666666664,0.26666666666666666,0.29333333333333333,0.3333333333333333,0.34,0.2866666666666667,0.24666666666666667,0.31333333333333335,
85.7995,113.9325,107.27799999999999,78.96449999999999,108.3455,111.901,100.31199999999998,119.89849999999998,0.24,0.32666666666666666,0.3,0.22,0.30666666666666664,0.31333333333333335,0.28,0.34,
115.8565,104.724,119.5745,97.357,103.62150000000001,124.119,128.1555,122.405,0.32666666666666666,0.29333333333333333,0.34,0.2733333333333333,0.29333333333333333,0.35333333333333333,0.36,0.3466666666666667,
111.3315,120.6675,146.625,119.35700000000001,111.38550000000001,119.0005,123.68299999999999,132.614,0.30666666666666664,0.3466666666666667,0.42,0.34,0.31333333333333335,0.3333333333333333,0.35333333333333333,0.37333333333333335,
89.875,104.0075,104.2645,139.151,109.0625,127.27199999999999,121.8,123.9455,0.25333333333333335,0.29333333333333333,0.29333333333333333,0.4,0.30666666666666664,0.36,0.3466666666666667,0.35333333333333333,
122.767,113.0555,120.29949999999998,104.348,112.0985,108.5765,130.34199999999998,126.5505,0.3466666666666667,0.32,0.34,0.29333333333333333,0.31333333333333335,0.3,0.37333333333333335,0.36,
126.5655,111.787,100.58,117.236,129.7495,108.7915,119.274,115.1155,0.36,0.31333333333333335,0.2866666666666667,0.3333333333333333,0.36666666666666664,0.30666666666666664,0.3333333333333333,0.32,
132.9175,103.313,94.05199999999999,107.815,113.286,150.9965,116.4585,122.8435,0.38,0.29333333333333333,0.26,0.30666666666666664,0.31333333333333335,0.4266666666666667,0.32666666666666666,0.3466666666666667,
112.07249999999999,89.46000000000001,113.697,131.904,105.25,112.5175,141.068,121.244,0.32,0.25333333333333335,0.32,0.37333333333333335,0.29333333333333333,0.31333333333333335,0.4066666666666667,0.34,
85.9115,108.77950000000001,98.066,107.05350000000001,92.41699999999999,129.2705,113.54650000000001,91.8555,0.24,0.30666666666666664,0.2733333333333333,0.3,0.25333333333333335,0.37333333333333335,0.32,0.26,
115.023,123.9525,110.74,111.678,120.913,127.719,118.205,95.89750000000001,0.32666666666666666,0.35333333333333333,0.32,0.31333333333333335,0.34,0.36,0.3333333333333333,0.26666666666666666,
117.5505,122.6825,136.1,126.84,119.8865,99.8275,97.4715,86.157,0.3333333333333333,0.3466666666666667,0.3933333333333333,0.36,0.34,0.28,0.2733333333333333,0.24,
139.89,108.25649999999999,109.8505,115.22849999999998,148.2545,96.7005,134.0315,127.9015,0.4,0.3,0.30666666666666664,0.32666666666666666,0.42,0.26666666666666666,0.38,0.36666666666666664,
129.663,101.47850000000001,122.4045,120.6825,123.71449999999999,82.812,115.03999999999999,118.2745,0.36666666666666664,0.28,0.3466666666666667,0.3333333333333333,0.3466666666666667,0.22,0.32,0.3333333333333333,
